0.5 0.775991 1.04706 1.28025 1.46318 1.59615 1.68104 1.72958 1.79171 1.89703 2.04829 2.23335 2.4346 2.62755 2.79774 2.95514 3.10586 3.27453 3.47152 3.68953 3.91674 4.14224 4.36216 4.57091 4.76974 4.96178 5.14864 5.33423 5.51969 5.70478 5.88876 6.07065 6.24952 6.42469 6.59533 6.76068 6.92009 7.07278 7.21801 7.35477 7.4821 7.59905 7.70518 7.79888 7.8783 7.94157 7.98825 8.01583 8.02108 8
0.5 0.774552 1.07991 1.40581 1.74169 2.07912 2.41442 2.74424 3.08704 3.45325 3.8469 4.27956 4.75717 5.27592 5.82175 6.35958 6.86515 7.32741 7.74217 8.12172 8.47196 8.79413 9.08687 9.35221 9.59052 9.80378 9.9922 10.1537 10.2877 10.3958 10.4794 10.5395 10.5771 10.5933 10.5886 10.5636 10.5187 10.4541 10.37 10.2664 10.1428 9.99879 9.83382 9.64698 9.43742 9.20433 8.94531 8.65914 8.3444 8
0.75 1.00113 1.20084 1.34892 1.44704 1.49705 1.52017 1.57575 1.67615 1.81393 1.97863 2.16365 2.34803 2.52131 2.68792 2.85764 3.04677 3.26505 3.50202 3.7451 3.98379 4.2161 4.43631 4.64567 4.84463 5.0364 5.2236 5.40961 5.59518 5.77963 5.96207 6.14168 6.31772 6.48958 6.65661 6.81817 6.97354 7.12209 7.263 7.39538 7.51845 7.63149 7.73362 7.82315 7.89839 7.95766 8.00031 8.02384 8.02516 8
1 1.328 1.67204 2.02103 2.37003 2.71295 3.04643 3.39726 3.77409 4.18645 4.63529 5.12358 5.6474 6.18691 6.71087 7.19928 7.64346 8.04023 8.40578 8.74427 9.05557 9.3397 9.59689 9.82737 10.0332 10.2147 10.372 10.5037 10.6098 10.6914 10.7501 10.7869 10.8027 10.7984 10.7748 10.7321 10.6706 10.5907 10.4921 10.3748 10.2385 10.0825 9.90586 9.70766 9.48723 9.24366 8.97465 8.67859 8.35413 8
0.5 0.8268 1.09568 1.30996 1.47401 1.5926 1.73636 1.9121 2.113 2.33363 2.54729 2.73584 2.90025 3.04149 3.1842 3.35356 3.55428 3.77186 3.99374 4.21185 4.42162 4.62309 4.81292 4.9942 5.1706 5.34513 5.51958 5.69376 5.86717 6.03895 6.20831 6.37459 6.53714 6.69547 6.84893 6.99693 7.1389 7.27399 7.40144 7.52037 7.63006 7.73019 7.81942 7.89627 7.959 8.00595 8.03635 8.04783 8.03709 8
1.5 1.83619 2.17334 2.50601 2.82641 3.12919 3.4395 3.78599 4.17226 4.60493 5.0911 5.61999 6.14991 6.65545 7.12069 7.54071 7.91588 8.26336 8.5901 8.89353 9.17232 9.42879 9.66212 9.87433 10.0634 10.2287 10.3689 10.4845 10.577 10.6476 10.6974 10.7274 10.7384 10.731 10.7056 10.6626 10.6021 10.5239 10.4277 10.3135 10.1809 10.0295 9.85804 9.66584 9.45184 9.21507 8.95292 8.66401 8.34683 8
0.75 1.00699 1.20911 1.36141 1.4686 1.60858 1.77566 1.97016 2.17884 2.38418 2.57201 2.73797 2.88778 3.04297 3.22383 3.43622 3.66234 3.88729 4.11346 4.33052 4.53624 4.73146 4.9167 5.09437 5.26895 5.44215 5.61502 5.78705 5.9575 6.12564 6.29086 6.45263 6.61048 6.76383 6.91219 7.05507 7.19175 7.32175 7.44432 7.55866 7.66396 7.75986 7.84493 7.91763 7.97619 8.01957 8.04659 8.05471 8.04056 8
2 2.32951 2.65135 2.95817 3.24584 3.56343 3.92153 4.32548 4.7761 5.27548 5.81176 6.34374 6.84456 7.30342 7.71609 8.09108 8.43882 8.76141 9.06131 9.33882 9.59116 9.81867 10.023 10.2059 10.3669 10.5043 10.6178 10.709 10.7789 10.8288 10.8596 10.8724 10.8676 10.8458 10.8071 10.752 10.6802 10.5921 10.4872 10.3654 10.2257 10.0677 9.89018 9.69219 9.47288 9.23131 8.96471 8.67151 8.35053 8
0.5 0.812201 1.07276 1.28786 1.48334 1.69045 1.90822 2.12861 2.34053 2.52533 2.68376 2.82107 2.97059 3.14402 3.3489 3.56681 3.7889 4.01046 4.22508 4.42814 4.62147 4.80657 4.98598 5.16166 5.33455 5.50671 5.67823 5.8485 6.01676 6.18243 6.34503 6.50402 6.65896 6.8094 6.95482 7.09473 7.22842 7.35541 7.47504 7.58643 7.68905 7.7822 7.86453 7.93448 7.99027 8.03096 8.05517 8.06043 8.0434 8
2.5 2.81233 3.10071 3.36405 3.64761 3.97998 4.3645 4.80607 5.30041 5.83799 6.37673 6.89173 7.36765 7.79796 8.19065 8.55253 8.88791 9.19326 9.47414 9.73065 9.9629 10.1723 10.3578 10.5204 10.6596 10.7761 10.8698 10.9423 10.9948 11.0283 11.0438 11.042 11.0235 10.9887 10.938 10.8713 10.7885 10.6898 10.575 10.4436 10.2949 10.1281 9.94225 9.7364 9.50932 9.26007 8.98579 8.68534 8.35739 8
0.75 1.03811 1.28356 1.53072 1.78092 2.02862 2.26856 2.47877 2.64843 2.78782 2.90274 3.03894 3.20737 3.4059 3.62122 3.84047 4.05817 4.26718 4.4648 4.65078 4.82829 5.00122 5.16981 5.33729 5.50459 5.67141 5.83699 6.00072 6.16209 6.32062 6.47585 6.62736 6.77475 6.91758 7.05547 7.18787 7.31425 7.43405 7.54656 7.65099 7.74692 7.83343 7.90919 7.97257 8.02179 8.05622 8.07412 8.07303 8.04964 8
3 3.25484 3.48107 3.75714 4.08691 4.47428 4.9211 5.4195 5.9479 6.47018 6.96279 7.41252 7.81517 8.17842 8.51158 8.82301 9.11467 9.38203 9.62917 9.85627 10.0644 10.2508 10.4155 10.5589 10.68 10.7794 10.8586 10.9189 10.9613 10.9866 10.9954 10.9884 10.9661 10.9287 10.8765 10.8095 10.7276 10.6306 10.5183 10.39 10.2449 10.0821 9.90065 9.69954 9.4778 9.23408 8.96585 8.67177 8.35033 8
0.5 0.813655 1.14024 1.47422 1.80819 2.13101 2.41509 2.6372 2.80507 2.94663 3.10605 3.29852 3.5218 3.75585 3.98815 4.21393 4.42985 4.63151 4.8176 4.99228 5.15804 5.3172 5.47473 5.63222 5.78942 5.94566 6.10029 6.2528 6.40276 6.54973 6.69334 6.83316 6.96883 7.10008 7.22623 7.34706 7.46192 7.57011 7.67094 7.76381 7.84845 7.9236 7.98799 8.03998 8.07783 8.10104 8.10778 8.09554 8.061 8
3.5 3.69365 3.93674 4.23478 4.59292 5.01485 5.49369 6.00246 6.50896 6.98659 7.42205 7.81113 8.15873 8.48809 8.79826 9.08939 9.3592 9.6065 9.83282 10.0397 10.2276 10.3965 10.546 10.6733 10.7793 10.8653 10.9326 10.9823 11.0154 11.0324 11.034 11.0205 10.9924 10.9502 10.8936 10.823 10.738 10.6383 10.5236 10.3935 10.247 10.0832 9.90119 9.69972 9.47768 9.23366 8.9654 8.6713 8.34984 8
1 1.33105 1.6781 2.02967 2.38124 2.72636 3.0643 3.42509 3.81391 4.23874 4.70328 5.20483 5.73732 6.27463 6.78862 7.26354 7.69259 8.08352 8.44522 8.77889 9.08548 9.36635 9.621 9.84915 10.0525 10.231 10.3848 10.5122 10.6144 10.693 10.7491 10.7837 10.7979 10.7923 10.7674 10.7239 10.6619 10.5818 10.4832 10.366 10.2301 10.0747 9.89884 9.70165 9.48225 9.23981 8.97178 8.67665 8.35316 8
0.75 0.998457 1.19552 1.34091 1.43636 1.48389 1.50948 1.57424 1.68242 1.82907 2.00454 2.19449 2.38219 2.56022 2.72869 2.90467 3.09884 3.32461 3.56227 3.80268 4.03531 4.25608 4.46671 4.66773 4.8605 5.04839 5.23484 5.42068 5.60596 5.79004 5.97205 6.15118 6.32673 6.49798 6.66437 6.82524 6.98003 7.12798 7.26827 7.40007 7.5226 7.63521 7.73691 7.82601 7.90079 7.95962 8.00185 8.02485 8.02565 8
1.25 1.40822 1.51723 1.57823 1.59247 1.58968 1.62093 1.69667 1.81757 1.96826 2.13991 2.31687 2.48376 2.64496 2.80915 2.99162 3.20594 3.44322 3.68707 3.92574 4.15488 4.37295 4.57928 4.77516 4.96245 5.14655 5.33013 5.51337 5.6957 5.8763 6.0545 6.22949 6.40073 6.56759 6.7295 6.88587 7.03607 7.1794 7.31504 7.44212 7.55999 7.66815 7.76533 7.84994 7.92042 7.97527 8.01353 8.03266 8.02957 8
1.25 1.59353 1.94274 2.29195 2.63711 2.97911 3.34161 3.7272 4.1432 4.59503 5.08128 5.60279 6.14327 6.66837 7.15949 7.60677 8.00651 8.3739 8.71699 9.03249 9.32111 9.58237 9.81815 10.0291 10.2161 10.3789 10.5175 10.6308 10.7201 10.7868 10.8322 10.8571 10.8626 10.8491 10.8175 10.7678 10.7004 10.6152 10.512 10.3906 10.2507 10.092 9.91313 9.71326 9.49153 9.24695 8.97696 8.68002 8.35485 8
1 1.22158 1.3905 1.50971 1.58405 1.68885 1.83813 2.02748 2.23564 2.44384 2.63126 2.78543 2.92206 3.06282 3.2285 3.42062 3.63278 3.85678 4.08217 4.30103 4.50944 4.70672 4.89348 5.07353 5.24974 5.42323 5.59554 5.76736 5.93796 6.10659 6.27256 6.43526 6.59415 6.74867 6.89822 7.04243 7.18053 7.31188 7.4357 7.55115 7.65742 7.75428 7.8403 7.91384 7.97323 8.01717 8.04482 8.05343 8.03983 8
1.75 2.08036 2.40939 2.73029 3.03664 3.35976 3.70855 4.09238 4.52179 4.99773 5.51449 6.04883 6.56948 7.05662 7.49978 7.89542 8.25731 8.58844 8.8942 9.17742 9.44003 9.6803 9.8979 10.093 10.2646 10.4118 10.5357 10.6361 10.7145 10.7721 10.8102 10.8294 10.8304 10.8137 10.7796 10.7288 10.6611 10.5763 10.4744 10.3549 10.2175 10.0614 9.88554 9.68888 9.47076 9.23006 8.96425 8.6716 8.35062 8
1.25 1.39371 1.48932 1.55454 1.66341 1.81863 2.00296 2.20184 2.39485 2.56655 2.7216 2.86158 3.01095 3.18845 3.39767 3.61963 3.84528 4.06889 4.28416 4.48791 4.68169 4.8659 5.04413 5.21765 5.38881 5.55969 5.72974 5.8983 6.0647 6.22838 6.38883 6.54554 6.69814 6.84609 6.98905 7.12644 7.25774 7.38234 7.49961 7.60876 7.70916 7.80005 7.88003 7.94763 8.00107 8.03959 8.0617 8.06479 8.04557 8
2.25 2.59359 2.92511 3.2438 3.5845 3.95919 4.37458 4.83244 5.33775 5.87821 6.41108 6.91348 7.37309 7.78606 8.1628 8.51178 8.83493 9.1353 9.41038 9.66193 9.88935 10.0942 10.2768 10.4384 10.5765 10.692 10.7856 10.8586 10.912 10.947 10.9642 10.9644 10.9482 10.9159 10.8679 10.8042 10.725 10.6302 10.5196 10.3927 10.2486 10.0865 9.90532 9.70428 9.48221 9.23812 8.96909 8.67407 8.35168 8
1 1.17574 1.30556 1.44367 1.60467 1.78353 1.97781 2.16486 2.3315 2.47369 2.60035 2.73201 2.89195 3.08324 3.29602 3.52135 3.74829 3.9691 4.18012 4.38011 4.5698 4.75172 4.92983 5.10631 5.28247 5.45825 5.63304 5.80607 5.97686 6.14484 6.3095 6.47048 6.62728 6.77948 6.9266 7.06811 7.20356 7.33231 7.45362 7.56683 7.67144 7.76651 7.85077 7.92264 7.98036 8.02315 8.04933 8.05655 8.04145 8
2.75 3.04128 3.31091 3.6063 3.94235 4.3276 4.76576 5.25348 5.7844 6.32077 6.83614 7.31465 7.74896 8.13693 8.48994 8.81542 9.11664 9.39448 9.65245 9.88599 10.1002 10.2937 10.4669 10.6174 10.7442 10.8483 10.931 10.9936 11.0374 11.0632 11.0721 11.0644 11.0409 11.0017 10.9472 10.8771 10.7918 10.691 10.5745 10.4419 10.2922 10.1246 9.93828 9.73214 9.50524 9.25637 8.98266 8.68308 8.35613 8
1.25 1.44611 1.65051 1.86406 2.08478 2.29807 2.48878 2.6524 2.78201 2.90325 3.05073 3.23004 3.43895 3.66278 3.88438 4.0981 4.3027 4.49654 4.67944 4.8556 5.02386 5.18854 5.35192 5.51516 5.67789 5.83938 5.99909 6.15653 6.31127 6.4629 6.611 6.75526 6.89526 7.03078 7.16125 7.28635 7.40542 7.51781 7.62279 7.71996 7.80876 7.88808 7.95663 8.01279 8.05485 8.0826 8.09394 8.08631 8.05637 8
3.25 3.4842 3.76839 4.10647 4.50185 4.95377 5.45528 5.98457 6.50622 6.99732 7.44598 7.84725 8.21555 8.55246 8.86778 9.15978 9.43027 9.67744 9.90422 10.1095 10.2955 10.4619 10.6071 10.7297 10.8311 10.9127 10.9758 11.0217 11.0512 11.0648 11.0633 11.0469 11.0161 10.9714 10.9125 10.8398 10.753 10.6517 10.5354 10.4038 10.2558 10.0906 9.90731 9.70484 9.48194 9.23703 8.96792 8.67298 8.35068 8
1 1.30797 1.6175 1.92447 2.20923 2.44527 2.61885 2.75118 2.87809 3.03611 3.22321 3.43405 3.65904 3.88592 4.10454 4.31177 4.50826 4.69256 4.86537 5.03075 5.19128 5.3504 5.50945 5.66803 5.82549 5.98132 6.13503 6.28628 6.43467 6.5799 6.7216 6.8595 6.99333 7.12253 7.2469 7.36579 7.47865 7.58489 7.68386 7.77526 7.85837 7.93204 7.99495 8.04546 8.08195 8.10436 8.11026 8.09718 8.06179 8
3.75 4.03268 4.3719 4.77257 5.23565 5.74647 6.27079 6.77992 7.25309 7.68322 8.06572 8.42072 8.75269 9.05948 9.34403 9.60742 9.84961 10.0717 10.2731 10.4547 10.6168 10.7576 10.8772 10.9763 11.0563 11.1182 11.1631 11.1922 11.2063 11.2059 11.1914 11.1633 11.1222 11.0676 11.0001 10.9191 10.8245 10.7158 10.5928 10.4548 10.301 10.1303 9.94181 9.73427 9.50652 9.25675 8.98272 8.68284 8.35561 8
1.5 1.86514 2.23109 2.59262 2.94183 3.27379 3.62251 4.0082 4.4375 4.91203 5.43042 5.98214 6.52764 7.04272 7.51466 7.93847 8.32263 8.67582 8.99838 9.29157 9.5592 9.80095 10.0199 10.2156 10.3866 10.5334 10.6563 10.7554 10.8318 10.8868 10.9217 10.9372 10.9341 10.9129 10.874 10.8179 10.7446 10.6541 10.546 10.4203 10.2766 10.114 9.93162 9.72845 9.50374 9.25641 8.9839 8.68465 8.35715 8
0.5 0.789963 1.02199 1.19962 1.3272 1.40913 1.52207 1.67514 1.8571 2.05207 2.24581 2.42439 2.57989 2.72372 2.88686 3.07718 3.29097 3.51854 3.75016 3.97905 4.20023 4.41221 4.61417 4.8086 4.99681 5.18068 5.36329 5.54537 5.72633 5.90538 6.0818 6.25493 6.42421 6.58915 6.74909 6.90362 7.05197 7.19352 7.32744 7.4529 7.56921 7.67595 7.77181 7.85525 7.92455 7.97828 8.01562 8.03399 8.03013 8
1.75 2.07627 2.4012 2.71788 3.02026 3.334 3.67434 4.04699 4.46181 4.92611 5.4364 5.96897 6.48951 6.97624 7.41962 7.81531 8.17997 8.51728 8.83136 9.11966 9.38389 9.62665 9.84736 10.0457 10.2212 10.3737 10.5012 10.6049 10.6864 10.7467 10.7872 10.8085 10.8114 10.7964 10.764 10.7145 10.648 10.5643 10.4632 10.3444 10.2077 10.0525 9.87766 9.68223 9.46537 9.22575 8.96083 8.66919 8.34942 8
1 1.22276 1.39285 1.51316 1.58738 1.68356 1.82377 1.99998 2.20206 2.40703 2.59197 2.74779 2.8811 3.01004 3.15776 3.33657 3.54133 3.7597 3.97852 4.18932 4.39142 4.58476 4.77128 4.95246 5.13058 5.30844 5.48614 5.66335 5.83926 6.01319 6.18441 6.35229 6.51628 6.67586 6.83045 6.97951 7.1225 7.2586 7.38708 7.50704 7.6179 7.71933 7.80985 7.88793 7.95186 8.00026 8.03214 8.04501 8.03565 8
1.5 1.60845 1.66964 1.68459 1.6812 1.71722 1.79704 1.92513 2.09215 2.27277 2.4422 2.58949 2.72254 2.85599 3.01434 3.20094 3.40976 3.6281 3.84961 4.06618 4.27573 4.47631 4.66931 4.85683 5.04035 5.22227 5.40399 5.58508 5.76476 5.94231 6.11709 6.2885 6.45594 6.61884 6.77675 6.92922 7.07556 7.21499 7.34691 7.47035 7.58465 7.68956 7.78359 7.86515 7.93257 7.9847 8.02047 8.03722 8.03174 8
1.5 1.84525 2.19148 2.53501 2.87558 3.24287 3.63385 4.04821 4.49805 4.9872 5.51755 6.07196 6.61642 7.12973 7.59976 8.02177 8.40547 8.75999 9.08407 9.37716 9.64066 9.8794 10.0928 10.2827 10.4475 10.5879 10.7039 10.7965 10.8674 10.9174 10.9478 10.9593 10.9525 10.928 10.8863 10.8278 10.7525 10.6602 10.5509 10.4241 10.2793 10.1159 9.93287 9.72917 9.50408 9.25658 8.98397 8.68459 8.35712 8
1.75 1.73442 1.69097 1.67879 1.70671 1.78075 1.90446 2.06188 2.23507 2.40499 2.557 2.70071 2.84694 3.02258 3.22954 3.45733 3.69058 3.91898 4.14175 4.35299 4.55312 4.74246 4.92403 5.10163 5.27689 5.45187 5.62622 5.79922 5.97016 6.13849 6.30365 6.46512 6.62245 6.77517 6.92284 7.06495 7.2009 7.33015 7.45197 7.5656 7.67035 7.76556 7.84987 7.92179 7.97956 8.0223 8.04868 8.05611 8.04124 8
2 2.33228 2.66008 3.00507 3.37657 3.77161 4.19039 4.64386 5.13672 5.66423 6.2085 6.73809 7.2335 7.68448 8.088 8.456 8.79559 9.10929 9.39576 9.65778 9.89405 10.107 10.297 10.464 10.6085 10.7288 10.8259 10.9014 10.9567 10.9928 11.0108 11.0112 10.9947 10.9618 10.9127 10.8477 10.7667 10.6697 10.5567 10.4272 10.2802 10.1151 9.93077 9.72633 9.50075 9.25317 8.98063 8.68188 8.35561 8
1.5 1.58474 1.65347 1.76448 1.9212 2.11471 2.33133 2.54628 2.74662 2.91645 3.06836 3.21761 3.39191 3.59635 3.81893 4.04533 4.26581 4.47794 4.67968 4.86768 5.0463 5.21503 5.37806 5.5375 5.69634 5.85484 6.01244 6.16842 6.32212 6.47312 6.62092 6.76506 6.90514 7.04062 7.17112 7.29606 7.41501 7.52735 7.63234 7.72923 7.81749 7.89623 7.96416 8.01971 8.0611 8.08761 8.09769 8.08882 8.05763 8
2.5 2.81376 3.11512 3.43871 3.78496 4.16714 4.59292 5.06391 5.57823 6.1006 6.60143 7.06442 7.48354 7.85568 8.20098 8.52729 8.83303 9.11606 9.37688 9.6157 9.83377 10.0315 10.2093 10.3662 10.5003 10.613 10.7047 10.7765 10.8296 10.8648 10.8832 10.8854 10.8717 10.8423 10.7976 10.7375 10.6622 10.5717 10.4653 10.3428 10.2032 10.0456 9.86923 9.673 9.45597 9.21696 8.95318 8.66346 8.34637 8
1.75 1.77214 1.83992 1.95732 2.12471 2.30617 2.48236 2.6413 2.7854 2.92235 3.08163 3.27159 3.49016 3.71978 3.94565 4.16452 4.37377 4.5681 4.75128 4.92498 5.09056 5.253 5.41422 5.57524 5.73567 5.89479 6.0521 6.20709 6.35936 6.50853 6.65426 6.79618 6.93384 7.06699 7.1951 7.31786 7.43458 7.54459 7.64722 7.74205 7.82856 7.90565 7.97199 8.02593 8.06579 8.09134 8.10047 8.09063 8.05847 8
3 3.33729 3.69746 4.07894 4.49664 4.95934 5.47052 6.00541 6.53019 7.02335 7.47421 7.87718 8.24365 8.58069 8.89634 9.18853 9.45873 9.70671 9.93365 10.1393 10.3225 10.486 10.6285 10.7488 10.8481 10.9278 10.989 11.0331 11.0607 11.0728 11.0699 11.0526 11.0209 10.9753 10.9158 10.8425 10.7551 10.6533 10.5366 10.4045 10.2563 10.091 9.90767 9.70509 9.48215 9.2372 8.96805 8.67306 8.35071 8
1.5 1.68866 1.90971 2.15047 2.38314 2.58763 2.75296 2.89089 3.01607 3.16477 3.346 3.55782 3.7824 4.00946 4.23092 4.44153 4.63929 4.82369 4.99555 5.15755 5.31474 5.46891 5.62302 5.77684 5.92975 6.0812 6.23066 6.37772 6.52196 6.66309 6.80078 6.93466 7.06428 7.18936 7.30954 7.42438 7.53323 7.63542 7.73029 7.81754 7.89648 7.96595 8.02467 8.071 8.10325 8.12141 8.12304 8.1057 8.06604 8
3.5 3.77144 4.09679 4.47918 4.91962 5.40927 5.92683 6.44141 6.92739 7.37126 7.76822 8.1223 8.45596 8.76911 9.05784 9.32399 9.56965 9.79557 10.0029 10.1926 10.3646 10.5166 10.6492 10.7606 10.8523 10.9256 10.9816 11.0211 11.0451 11.0542 11.0493 11.0304 10.9977 10.9515 10.8919 10.819 10.7322 10.6312 10.5157 10.3851 10.2385 10.075 9.89353 9.69302 9.47216 9.22927 8.96211 8.6691 8.34874 8
2 2.30992 2.61217 2.89917 3.16698 3.46646 3.80731 4.19519 4.63361 5.12317 5.65051 6.17274 6.66544 7.11599 7.52072 7.89379 8.24185 8.56596 8.86761 9.14656 9.40319 9.63579 9.84751 10.0364 10.2029 10.3474 10.4685 10.5669 10.6441 10.7012 10.739 10.7586 10.7607 10.7457 10.7136 10.6651 10.5998 10.5179 10.4194 10.3037 10.1703 10.0185 9.84716 9.65547 9.44242 9.20703 8.94657 8.65952 8.34454 8
0.75 1.02332 1.24178 1.41046 1.53408 1.69369 1.88239 2.09514 2.31823 2.53638 2.73406 2.9074 3.06697 3.23548 3.43054 3.65729 3.89566 4.12965 4.35314 4.56503 4.76457 4.95309 5.13254 5.3045 5.47143 5.63593 5.80018 5.9637 6.12572 6.28554 6.44257 6.59626 6.74607 6.89147 7.03189 7.16683 7.29561 7.41767 7.53234 7.63875 7.7361 7.824 7.90111 7.96583 8.0164 8.05171 8.0707 8.07074 8.04853 8
2.25 2.60358 2.94509 3.27643 3.62967 4.01447 4.43843 4.9026 5.41303 5.95832 6.49534 7.0032 7.46846 7.88644 8.26842 8.62178 8.94592 9.24529 9.51877 9.76679 9.9914 10.1927 10.3715 10.5292 10.6634 10.7757 10.866 10.9357 10.9857 11.0174 11.0313 11.028 11.0083 10.9723 10.9208 10.8535 10.7708 10.6724 10.5582 10.4278 10.2802 10.1146 9.92994 9.7254 9.49978 9.25218 8.97971 8.68123 8.35525 8
1.25 1.37612 1.45415 1.5025 1.59434 1.73256 1.90208 2.08855 2.27075 2.43427 2.58591 2.72982 2.89206 3.08167 3.30228 3.53312 3.76959 4.0008 4.2197 4.42834 4.62496 4.8124 4.99281 5.16923 5.34241 5.51525 5.68725 5.85768 6.02596 6.1915 6.35379 6.51232 6.66674 6.8165 6.96128 7.10044 7.23361 7.36006 7.47912 7.5901 7.69234 7.78504 7.86688 7.93633 7.99163 8.03198 8.05594 8.06094 8.04364 8
2 2.32575 2.64701 2.97998 3.3392 3.72113 4.12694 4.57026 5.05666 5.58268 6.1268 6.66104 7.16341 7.62246 8.03382 8.40979 8.75636 9.0746 9.36702 9.63184 9.87339 10.0903 10.2835 10.4532 10.5996 10.7223 10.8218 10.8996 10.9569 10.9947 11.0142 11.0161 11.0009 10.9692 10.921 10.8566 10.7759 10.679 10.5659 10.4359 10.2884 10.1227 9.93787 9.73285 9.50656 9.25797 8.9844 8.68448 8.35697 8
1.75 1.75117 1.72278 1.7203 1.75784 1.8407 1.97298 2.14728 2.33185 2.5099 2.66466 2.79853 2.93305 3.09275 3.27963 3.48717 3.70595 3.92489 4.13952 4.34727 4.54443 4.73353 4.9159 5.09312 5.26802 5.44248 5.61649 5.78931 5.96023 6.12869 6.29408 6.45599 6.61385 6.76725 6.91555 7.05828 7.19479 7.3246 7.44703 7.56111 7.66631 7.76209 7.84694 7.9194 7.97772 8.02089 8.04772 8.05544 8.04087 8
2.25 2.15144 2.09195 2.07597 2.10652 2.18859 2.32891 2.48431 2.64691 2.80138 2.9499 3.09638 3.26202 3.4599 3.683 3.92122 4.15696 4.38438 4.591 4.78541 4.96238 5.12954 5.29519 5.45877 5.6222 5.7852 5.94695 6.10678 6.26423 6.4187 6.56981 6.71709 6.86013 6.99843 7.1317 7.25926 7.38085 7.49577 7.60331 7.70284 7.79373 7.87509 7.94567 8.00386 8.0479 8.0771 8.08985 8.08362 8.05508 8
2.25 2.56574 2.91231 3.2871 3.68905 4.11447 4.57023 5.05663 5.57676 6.10308 6.60641 7.0718 7.49358 7.86917 8.21854 8.55009 8.85887 9.14569 9.40951 9.65121 9.87124 10.0711 10.252 10.4102 10.5439 10.6543 10.7436 10.8125 10.8627 10.8952 10.9108 10.9101 10.8936 10.8615 10.8144 10.7518 10.6744 10.5819 10.4739 10.35 10.2091 10.0503 9.87301 9.67598 9.45837 9.21878 8.95441 8.6642 8.34663 8
2 1.95785 1.95837 2.00862 2.11353 2.27346 2.43552 2.58062 2.70718 2.82042 2.95237 3.11935 3.31809 3.53447 3.75656 3.97719 4.19022 4.39145 4.58059 4.75917 4.93087 5.09884 5.26573 5.43254 5.59883 5.76392 5.92726 6.08829 6.24664 6.4018 6.55339 6.70103 6.84443 6.98327 7.11697 7.24525 7.36746 7.48292 7.59092 7.69107 7.78287 7.86514 7.93665 7.99577 8.04078 8.07141 8.08557 8.08075 8.05363 8
2.75 3.11778 3.51436 3.93528 4.37425 4.84855 5.36195 5.9074 6.44464 6.95425 7.42182 7.84299 8.2247 8.57927 8.90709 9.21043 9.48973 9.74435 9.97405 10.1813 10.3687 10.5356 10.6807 10.8035 10.9048 10.9859 11.0484 11.0931 11.1212 11.133 11.1293 11.1104 11.0769 11.0293 10.9674 10.8915 10.8013 10.6965 10.5766 10.4414 10.2898 10.121 9.93404 9.72778 9.50108 9.25237 8.97944 8.68066 8.35453 8
2.25 2.23507 2.27291 2.37037 2.5175 2.67562 2.81854 2.95211 3.08655 3.2526 3.44806 3.67009 3.908 4.13959 4.36405 4.56876 4.76105 4.93659 5.1022 5.25967 5.41181 5.56389 5.71583 5.86718 6.0173 6.16568 6.31181 6.45538 6.59608 6.73356 6.86747 6.99759 7.12363 7.24502 7.36162 7.47278 7.57786 7.6763 7.7675 7.8512 7.92667 7.99265 8.04789 8.09072 8.11961 8.1344 8.13279 8.1122 8.0693 8
3.25 3.67354 4.12484 4.58915 5.0664 5.58131 6.1072 6.61424 7.08659 7.51549 7.89648 8.24594 8.57714 8.88695 9.17502 9.44078 9.6845 9.90708 10.1097 10.2934 10.4583 10.6012 10.7237 10.8257 10.9089 10.9745 11.0233 11.0565 11.075 11.0792 11.0695 11.0466 11.0108 10.9617 10.8998 10.8247 10.7361 10.6336 10.5169 10.3853 10.238 10.0741 9.89248 9.6918 9.47108 9.22834 8.96141 8.66864 8.34851 8
2 2.05181 2.16188 2.31548 2.45866 2.57812 2.68761 2.79419 2.93314 3.10327 3.30234 3.51865 3.73521 3.94836 4.1521 4.3476 4.53201 4.70797 4.87543 5.03865 5.19916 5.35962 5.51971 5.67889 5.83657 5.99235 6.14583 6.29667 6.4445 6.58907 6.73002 6.86712 7.00013 7.12854 7.25207 7.37022 7.48241 7.58803 7.68654 7.7776 7.86029 7.93358 7.99613 8.0463 8.08262 8.10486 8.1106 8.09736 8.06182 8
3.75 4.15026 4.56326 5.0223 5.52782 6.05936 6.58556 7.08202 7.5364 7.94314 8.31235 8.65292 8.97263 9.26616 9.5375 9.7863 10.0148 10.2215 10.4094 10.5776 10.7253 10.8523 10.9587 11.046 11.1154 11.1678 11.2045 11.2262 11.2336 11.2272 11.2075 11.1749 11.1297 11.0717 11.0013 10.918 10.8216 10.7115 10.5875 10.4488 10.2945 10.1237 9.93539 9.72836 9.50158 9.25279 8.97974 8.68086 8.35461 8
2.5 2.8209 3.11803 3.3904 3.68547 4.03119 4.42724 4.87465 5.3728 5.91047 6.44868 6.96086 7.43316 7.86002 8.24228 8.59294 8.91526 9.20888 9.47874 9.7278 9.95535 10.1631 10.349 10.5118 10.6518 10.7689 10.8635 10.9369 10.9904 11.0249 11.0415 11.0406 11.0228 10.9886 10.9384 10.8721 10.7897 10.6912 10.5765 10.4452 10.2965 10.1297 9.9439 9.73784 9.51055 9.26121 8.98675 8.68599 8.3577 8
0.5 0.794075 1.03658 1.23388 1.41348 1.6044 1.81094 2.02788 2.23351 2.41314 2.56869 2.70618 2.85721 3.03524 3.24471 3.4683 3.69871 3.92545 4.1439 4.35213 4.54778 4.73532 4.91712 5.09479 5.26958 5.44363 5.61719 5.78959 5.96009 6.12816 6.29321 6.45472 6.61221 6.76525 6.91331 7.05589 7.19234 7.32211 7.4445 7.55872 7.66414 7.76005 7.84515 7.91787 7.97644 8.0199 8.04685 8.05489 8.04063 8
2.75 3.04348 3.31532 3.61777 3.96206 4.35063 4.78754 5.27254 5.79964 6.33382 6.84651 7.32171 7.75251 8.13742 8.49213 8.82338 9.13131 9.414 9.67283 9.90763 10.1205 10.3109 10.481 10.6293 10.7553 10.859 10.9414 11.0037 11.0473 11.0728 11.0812 11.0733 11.0494 11.0098 10.9548 10.8843 10.7987 10.6976 10.5807 10.4477 10.2976 10.1296 9.94271 9.73605 9.50855 9.25907 8.98481 8.68456 8.35695 8
1 1.18017 1.31442 1.46139 1.62991 1.81849 2.02118 2.21901 2.39423 2.54433 2.6828 2.83364 3.01193 3.22116 3.44794 3.68054 3.91193 4.1353 4.34725 4.54826 4.73826 4.91954 5.09523 5.26667 5.43649 5.60589 5.77423 5.94093 6.10536 6.26693 6.42525 6.5799 6.7304 6.87631 7.01721 7.15251 7.28177 7.40434 7.51951 7.62658 7.72508 7.81404 7.89223 7.95803 8.00968 8.04648 8.06684 8.06825 8.04734 8
2.5 2.81742 3.12213 3.44941 3.79912 4.18495 4.61687 5.09616 5.61724 6.14486 6.65118 7.11992 7.54401 7.92173 8.26964 8.59759 8.90366 9.1868 9.44755 9.68616 9.90354 10.1 10.2769 10.4321 10.5633 10.672 10.7598 10.8278 10.8772 10.9089 10.9239 10.9226 10.9058 10.8733 10.8258 10.7629 10.6851 10.592 10.4833 10.3587 10.2171 10.0577 9.87951 9.68163 9.46306 9.22251 8.95723 8.66611 8.34763 8
1.5 1.57133 1.62294 1.71693 1.85665 2.03699 2.2401 2.44305 2.62659 2.78294 2.92058 3.05759 3.22721 3.42771 3.65095 3.88419 4.1176 4.34134 4.55043 4.74373 4.92369 5.0939 5.25974 5.4236 5.58738 5.75072 5.913 6.07349 6.23166 6.38702 6.5391 6.68755 6.83187 6.97157 7.10628 7.23539 7.35857 7.47512 7.5843 7.68545 7.77806 7.86113 7.93344 7.99335 8.0391 8.07 8.0845 8.08002 8.05324 8
2.75 3.1208 3.52061 3.94469 4.38664 4.86505 5.38181 5.92694 6.46369 6.97094 7.43586 7.85404 8.23514 8.58623 8.91378 9.21299 9.48626 9.73716 9.96497 10.1721 10.3581 10.5236 10.6671 10.789 10.8894 10.9698 11.0316 11.0758 11.1035 11.1153 11.1116 11.0931 11.0602 11.0132 10.952 10.877 10.7877 10.6838 10.565 10.4309 10.2804 10.1126 9.92663 9.72143 9.49579 9.24814 8.97626 8.67854 8.35346 8
2 1.96132 1.96531 2.01905 2.12754 2.29086 2.45168 2.59752 2.72232 2.83759 2.97113 3.13915 3.33908 3.55343 3.77126 3.98965 4.20135 4.40246 4.59254 4.77288 4.94652 5.11552 5.2816 5.44753 5.61297 5.77723 5.93969 6.09987 6.25734 6.41169 6.56252 6.70945 6.85215 6.99032 7.12338 7.25103 7.37269 7.48767 7.59526 7.69502 7.78641 7.86827 7.93937 7.99808 8.04268 8.07291 8.08668 8.08147 8.05396 8
2.5 2.39548 2.33535 2.32133 2.36077 2.46011 2.61612 2.7704 2.91126 3.03271 3.15734 3.31417 3.50147 3.71551 3.93935 4.16018 4.37568 4.57931 4.7698 4.94751 5.1172 5.27983 5.43853 5.59659 5.75448 5.91174 6.06762 6.22159 6.37312 6.52173 6.66707 6.8087 6.94625 7.07921 7.20717 7.32961 7.44605 7.55582 7.65819 7.75253 7.8384 7.91479 7.98043 8.03369 8.07279 8.09707 8.1048 8.09355 8.05999 8
2.5 2.85236 3.23656 3.65338 4.09801 4.5555 5.0285 5.53819 6.05639 6.56014 7.0293 7.45488 7.83323 8.17849 8.50089 8.80019 9.0796 9.34106 9.58309 9.80707 10.0124 10.1961 10.3594 10.5002 10.6199 10.7187 10.7979 10.8584 10.9014 10.9276 10.9379 10.9327 10.9127 10.8777 10.8281 10.7636 10.6845 10.5903 10.4808 10.3556 10.2136 10.0542 9.87616 9.67847 9.46014 9.21983 8.95511 8.66456 8.34664 8
2.75 2.58791 2.47497 2.418 2.42636 2.49317 2.58432 2.68667 2.79902 2.94395 3.12024 3.32611 3.54819 3.77317 3.996 4.20696 4.40546 4.59051 4.76563 4.93533 5.09952 5.26206 5.42454 5.58649 5.74736 5.90652 6.0636 6.21804 6.36968 6.51802 6.66287 6.80385 6.94063 7.07283 7.20014 7.32206 7.43796 7.5472 7.64921 7.7437 7.8299 7.90662 7.9726 8.02618 8.06581 8.09135 8.1005 8.09067 8.05853 8
3 3.44432 3.92573 4.43612 4.94883 5.47182 6.01108 6.53911 7.03662 7.49195 7.8991 8.26964 8.61409 8.9294 9.22247 9.49576 9.74555 9.97397 10.1826 10.3693 10.5352 10.6812 10.8052 10.9084 10.9921 11.0576 11.1059 11.138 11.1548 11.1571 11.1452 11.1197 11.0809 11.0285 10.9632 10.8846 10.7924 10.686 10.5654 10.43 10.2785 10.1102 9.92402 9.71881 9.49358 9.24633 8.9749 8.67763 8.353 8
2.5 2.43597 2.43 2.48881 2.59389 2.70868 2.82257 2.93437 3.07327 3.24444 3.44592 3.66388 3.87994 4.09383 4.29976 4.49441 4.6762 4.84983 5.0141 5.17226 5.32788 5.48325 5.63839 5.79275 5.94577 6.09695 6.24591 6.3923 6.53577 6.67598 6.81262 6.94544 7.07418 7.1983 7.31756 7.43141 7.53924 7.64051 7.73459 7.82122 7.89965 7.9686 8.0268 8.07262 8.10459 8.12247 8.12384 8.10624 8.06632 8
3.5 3.95865 4.43975 4.92184 5.42332 5.94366 6.45654 6.94017 7.38193 7.77651 8.12759 8.45412 8.7616 9.04999 9.31786 9.56569 9.79515 10.006 10.1982 10.3732 10.5278 10.6634 10.7785 10.8742 10.9516 11.0122 11.0569 11.0865 11.1016 11.1028 11.0904 11.065 11.0268 10.9757 10.9118 10.8351 10.745 10.6412 10.5233 10.3907 10.2426 10.0778 9.89538 9.69408 9.47303 9.22996 8.96262 8.66945 8.34891 8
3 3.26097 3.49341 3.77571 4.11178 4.50537 4.95844 5.46352 5.99761 6.52517 7.02147 7.47493 7.8814 8.24612 8.58409 8.89761 9.18757 9.4566 9.70356 9.92916 10.1337 10.3174 10.4793 10.6196 10.7381 10.8348 10.9113 10.969 11.0085 11.0311 11.0373 11.0279 11.0034 10.9638 10.9094 10.8401 10.756 10.6568 10.542 10.4115 10.2641 10.099 9.91539 9.71211 9.48821 9.24233 8.972 8.67583 8.3523 8
0.75 1.03046 1.26826 1.50764 1.75038 1.99423 2.23083 2.44049 2.61719 2.76424 2.8957 3.04445 3.22446 3.43472 3.65936 3.88375 4.10333 4.31166 4.51199 4.70097 4.88053 5.05355 5.22121 5.38715 5.55289 5.71805 5.88191 6.0439 6.20344 6.36013 6.51347 6.66313 6.80871 6.94975 7.08575 7.21622 7.3407 7.45854 7.569 7.67144 7.76537 7.84981 7.92348 7.98475 8.03188 8.06422 8.08014 8.07708 8.05172 8
3.25 3.4977 3.79541 4.14601 4.55375 5.01629 5.52821 6.06582 6.59469 7.09288 7.54806 7.95586 8.32472 8.66687 8.98696 9.28391 9.55513 9.8024 10.0282 10.2324 10.4157 10.5788 10.7203 10.8405 10.9393 11.0181 11.0781 11.1207 11.1466 11.1566 11.1512 11.1309 11.0962 11.0473 10.9841 10.907 10.8157 10.7098 10.589 10.4529 10.3003 10.1304 9.94236 9.73497 9.5071 9.25722 8.98307 8.68308 8.35573 8
1.25 1.41264 1.58355 1.76506 1.95977 2.15377 2.33149 2.4845 2.6152 2.74143 2.89266 3.07595 3.2892 3.51544 3.74571 3.96773 4.18208 4.38532 4.5769 4.75778 4.93071 5.09907 5.26549 5.43171 5.59742 5.762 5.92487 6.0855 6.24347 6.39835 6.54974 6.69728 6.84064 6.97943 7.11313 7.24145 7.36375 7.47942 7.58775 7.68826 7.78033 7.86294 7.93479 7.99425 8.03959 8.07048 8.08485 8.08024 8.05332 8
3 3.32886 3.68066 4.05369 4.45969 4.91609 5.42141 5.95237 6.47546 6.9679 7.41781 7.82012 8.18308 8.51974 8.83324 9.12335 9.392 9.63983 9.86701 10.073 10.2569 10.4211 10.566 10.6891 10.7912 10.8736 10.9374 10.9842 11.0143 11.0289 11.0284 11.0134 10.9841 10.9409 10.8836 10.8126 10.7274 10.6279 10.5136 10.3839 10.2379 10.0748 9.89359 9.69309 9.47214 9.22919 8.96204 8.66906 8.34871 8
1.75 1.79584 1.88744 2.02863 2.22075 2.42421 2.61362 2.77428 2.9167 3.04932 3.20697 3.3961 3.61453 3.84683 4.07749 4.30036 4.50937 4.70294 4.8826 5.05191 5.2137 5.37275 5.53 5.68633 5.84211 5.9967 6.14951 6.30009 6.44795 6.59275 6.73413 6.87169 7.00506 7.13391 7.25775 7.37624 7.48873 7.59461 7.69319 7.78391 7.86632 7.93929 8.00151 8.05133 8.08705 8.10834 8.11323 8.09914 8.06274 8
3.25 3.66273 4.103 4.55802 5.01908 5.51728 6.03298 6.5394 7.01438 7.44717 7.83263 8.18296 8.50365 8.80325 9.08227 9.34516 9.59313 9.82282 10.0355 10.2297 10.4051 10.5587 10.6912 10.8025 10.8939 10.9667 11.0221 11.0609 11.084 11.0921 11.0858 11.0655 11.0315 10.9838 10.9225 10.8476 10.7588 10.6558 10.5385 10.406 10.2574 10.0919 9.90841 9.70582 9.48287 9.2379 8.96858 8.67341 8.35089 8
2.25 2.21143 2.22563 2.29876 2.43137 2.57235 2.69087 2.78979 2.88901 3.02189 3.18631 3.38016 3.58613 3.7957 4.00661 4.20842 4.40305 4.58696 4.76453 4.93379 5.09849 5.26071 5.42239 5.58373 5.74422 5.90325 6.06025 6.21487 6.36667 6.51533 6.66049 6.80184 6.93902 7.07162 7.19922 7.32136 7.43753 7.54709 7.6494 7.74408 7.83039 7.90729 7.97343 8.02718 8.06685 8.09236 8.10124 8.09114 8.05872 8
3 3.44064 3.91779 4.42357 4.93077 5.4463 5.97923 6.50089 6.9911 7.43909 7.83917 8.19816 8.53091 8.83855 9.12541 9.39368 9.64094 9.8692 10.0781 10.2673 10.4373 10.5873 10.7163 10.8241 10.9121 10.9817 11.0343 11.0705 11.0914 11.0976 11.0896 11.0678 11.0324 10.9836 10.9215 10.8461 10.757 10.6538 10.5362 10.4037 10.255 10.0895 9.90604 9.70359 9.48096 9.23631 8.96739 8.67262 8.3505 8
2.75 2.61109 2.52145 2.48785 2.51973 2.60959 2.72034 2.82926 2.94038 3.08339 3.25774 3.46146 3.68041 3.90404 4.12488 4.33718 4.5364 4.7214 4.89478 5.06049 5.22104 5.37918 5.53723 5.69485 5.85145 6.0064 6.15928 6.30964 6.45717 6.6015 6.74235 6.87933 7.01207 7.14027 7.26348 7.38133 7.49318 7.59837 7.69628 7.78665 7.86862 7.94113 8.00288 8.05226 8.08763 8.10891 8.11367 8.09945 8.06292 8
3.25 3.01453 2.82913 2.70949 2.65886 2.67682 2.74651 2.82763 2.9359 3.08016 3.25623 3.45254 3.65748 3.86575 4.07274 4.27416 4.46815 4.6488 4.81903 4.98223 5.14359 5.30439 5.46507 5.6253 5.78436 5.94182 6.09717 6.25007 6.4001 6.54692 6.69021 6.82969 6.96504 7.09572 7.22149 7.34179 7.45617 7.56403 7.66472 7.75789 7.84266 7.9181 7.98278 8.03507 8.07335 8.09755 8.1051 8.09368 8.05994 8
3.25 3.71878 4.2296 4.75793 5.28626 5.81524 6.32932 6.81919 7.26839 7.67208 8.03067 8.3552 8.65652 8.93973 9.20344 9.4521 9.68282 9.89921 10.1003 10.2851 10.45 10.5947 10.718 10.8211 10.9055 10.9724 11.0226 11.0572 11.0769 11.0821 11.0734 11.0511 11.0157 10.9668 10.9048 10.8294 10.7406 10.6381 10.5214 10.3898 10.2423 10.0781 9.89613 9.69514 9.47398 9.23079 8.96324 8.66985 8.3491 8
3 2.83543 2.73815 2.70956 2.74925 2.8451 2.94042 3.06319 3.22236 3.41422 3.62837 3.85954 4.08857 4.30898 4.51262 4.701 4.87423 5.03802 5.19392 5.34459 5.49472 5.64479 5.7944 5.94298 6.09004 6.23517 6.37798 6.51818 6.65544 6.78955 6.9202 7.04695 7.16956 7.28773 7.401 7.50889 7.61088 7.70636 7.79477 7.8758 7.94861 8.01208 8.06481 8.10517 8.1317 8.14415 8.14004 8.11696 8.07157 8
3.75 4.26623 4.79518 5.32412 5.85486 6.37101 6.86265 7.31422 7.72057 8.08277 8.41344 8.72263 9.01225 9.28245 9.53532 9.76941 9.98617 10.185 10.3658 10.529 10.673 10.7968 10.9005 10.9856 11.0533 11.105 11.1412 11.163 11.1711 11.166 11.1481 11.1174 11.0742 11.0187 10.9507 10.87 10.7763 10.6692 10.5482 10.4128 10.2619 10.0946 9.90993 9.70649 9.48338 9.23825 8.96883 8.67358 8.35096 8
3.5 3.7062 3.96184 4.27236 4.64284 5.07723 5.56902 6.09012 6.60918 7.10025 7.54885 7.95067 8.31816 8.66367 8.98379 9.28 9.55192 9.80001 10.0249 10.228 10.4108 10.5729 10.7159 10.836 10.9347 11.0135 11.0739 11.1168 11.143 11.1534 11.1484 11.1284 11.0938 11.0452 10.9824 10.9056 10.8144 10.7086 10.5877 10.4515 10.2992 10.1294 9.94155 9.73432 9.50652 9.25673 8.9827 8.68284 8.35561 8
0.5 0.796788 1.10651 1.42359 1.74068 2.04719 2.31561 2.52186 2.67228 2.80415 2.9587 3.14588 3.36383 3.59478 3.83221 4.06013 4.27374 4.47186 4.65562 4.82885 4.99709 5.16312 5.32713 5.49105 5.65452 5.81686 5.97755 6.13599 6.29182 6.4445 6.59377 6.73909 6.88019 7.01676 7.14822 7.27434 7.3944 7.5077 7.61356 7.71159 7.80141 7.88169 7.9512 8.00833 8.0513 8.07982 8.09188 8.08497 8.05574 8
3.75 4.02287 4.35228 4.74295 5.19622 5.69698 6.21255 6.71627 7.1852 7.61155 7.99062 8.33741 8.66515 8.9702 9.25417 9.51727 9.75996 9.98276 10.1871 10.3722 10.5378 10.6825 10.8058 10.9085 10.9917 11.057 11.1051 11.1373 11.1544 11.1568 11.145 11.1195 11.0808 11.0287 10.9635 10.8848 10.7925 10.6862 10.5656 10.43 10.2787 10.1107 9.92468 9.71968 9.49436 9.24701 8.97541 8.67796 8.35316 8
1 1.30578 1.61311 1.91755 2.20042 2.43435 2.60217 2.72033 2.83462 2.98025 3.1554 3.3584 3.57291 3.79148 4.00873 4.21686 4.41355 4.60014 4.77598 4.94345 5.10679 5.26868 5.4299 5.59075 5.75056 5.90886 6.06512 6.21896 6.37001 6.51794 6.66238 6.80302 6.93961 7.07163 7.19882 7.3206 7.43645 7.54573 7.64779 7.74231 7.82862 7.90558 7.97179 8.02564 8.06543 8.0911 8.10027 8.09045 8.05833 8
3.5 3.79289 4.1397 4.54347 5.00514 5.51591 6.05283 6.58791 7.09363 7.5571 7.97304 8.34609 8.69051 9.0096 9.30429 9.57538 9.82283 10.0485 10.2526 10.4368 10.6012 10.7458 10.8684 10.9699 11.0518 11.1152 11.1615 11.1915 11.2064 11.2067 11.1929 11.1654 11.1246 11.0702 11.0028 10.9218 10.8272 10.7185 10.5953 10.4571 10.303 10.1321 9.94336 9.73558 9.5076 9.2576 8.98335 8.68326 8.35581 8
1.5 1.64877 1.82815 2.03281 2.22912 2.4036 2.55453 2.68068 2.80328 2.94856 3.12612 3.33383 3.55709 3.78483 4.00554 4.2147 4.4123 4.59716 4.77176 4.93993 5.10372 5.26559 5.42736 5.58875 5.74908 5.90784 6.06453 6.21873 6.37012 6.51836 6.66307 6.80398 6.94081 7.07299 7.20031 7.32219 7.4381 7.54742 7.64947 7.74392 7.83008 7.90686 7.97289 8.02652 8.06613 8.09166 8.10069 8.09076 8.05851 8
3.75 4.14794 4.56218 5.02259 5.52943 6.06249 6.59111 7.09068 7.54803 7.9582 8.3283 8.6686 8.98405 9.27552 9.54438 9.79216 10.0199 10.2271 10.4159 10.5847 10.7322 10.8595 10.966 11.0532 11.1224 11.1748 11.2114 11.2331 11.2405 11.234 11.2142 11.1815 11.136 11.0777 11.0069 10.9231 10.8263 10.7159 10.5915 10.4525 10.2978 10.1268 9.93819 9.73074 9.50358 9.2544 8.98095 8.68167 8.35502 8
2 2.05522 2.16818 2.32446 2.47091 2.59196 2.69202 2.793 2.9263 3.09139 3.28618 3.49651 3.71265 3.92853 4.13616 4.33278 4.51892 4.69486 4.86261 5.02605 5.18774 5.34833 5.50861 5.66802 5.82599 5.9821 6.13588 6.28704 6.43524 6.58015 6.72149 6.85899 6.99238 7.12116 7.24506 7.36356 7.47612 7.58216 7.68109 7.7726 7.85583 7.92967 7.99277 8.04349 8.08037 8.10316 8.10935 8.09656 8.06146 8
3.5 3.95435 4.43107 4.90868 5.40652 5.92411 6.43514 6.91721 7.35731 7.75049 8.10304 8.43163 8.74013 9.02716 9.29641 9.54513 9.77666 9.98921 10.1826 10.3587 10.5151 10.6512 10.7669 10.8632 10.9414 11.0026 11.0478 11.0778 11.0932 11.0948 11.0828 11.0579 11.0201 10.9694 10.9062 10.83 10.7404 10.6371 10.5197 10.3875 10.2397 10.0753 9.89317 9.6922 9.47143 9.22864 8.96163 8.66879 8.34858 8
2.5 2.45499 2.46803 2.54582 2.669 2.79869 2.92285 3.04375 3.19262 3.37407 3.58583 3.80743 4.03165 4.24959 4.457 4.65309 4.83492 5.00607 5.16831 5.32359 5.47629 5.62627 5.77601 5.92496 6.07264 6.21851 6.36221 6.50332 6.64159 6.77665 6.90823 7.03596 7.15966 7.27877 7.39304 7.5019 7.60476 7.70105 7.79013 7.87174 7.94508 8.00896 8.0621 8.10285 8.12973 8.14252 8.13887 8.11624 8.0713 8
3.75 4.25863 4.77997 5.30131 5.82523 6.33647 6.82432 7.2712 7.67238 8.02912 8.35786 8.66892 8.95992 9.23248 9.48691 9.72236 9.94027 10.1397 10.3218 10.4856 10.6308 10.7557 10.8606 10.947 11.0162 11.0692 11.1068 11.1301 11.1395 11.1359 11.1193 11.09 11.0483 10.9943 10.9278 10.8487 10.7565 10.651 10.5317 10.3978 10.2484 10.0826 9.89942 9.69745 9.47581 9.23214 8.96426 8.67053 8.34944 8
3 2.8458 2.75889 2.74075 2.79083 2.88089 2.98238 3.115 3.28328 3.48349 3.7037 3.92971 4.15164 4.36277 4.56134 4.74614 4.91796 5.081 5.2356 5.38545 5.53431 5.68311 5.83145 5.97878 6.12458 6.26845 6.41 6.54891 6.68489 6.81767 6.94694 7.07232 7.19358 7.31037 7.42231 7.52886 7.6295 7.72364 7.81068 7.89033 7.96169 8.02372 8.075 8.11391 8.13899 8.14999 8.14444 8.11992 8.07308 8
3.5 3.23396 3.0284 2.89551 2.83395 2.83828 2.89587 3.00013 3.14241 3.31822 3.51794 3.73747 3.96335 4.1824 4.38682 4.57627 4.74855 4.91097 5.07157 5.22547 5.37929 5.53306 5.68638 5.83873 5.98956 6.13845 6.28501 6.42886 6.56974 6.70759 6.84211 6.9727 7.09918 7.22129 7.33856 7.45036 7.55635 7.65588 7.74838 7.83338 7.91026 7.97792 8.03484 8.07936 8.11007 8.12669 8.12689 8.10813 8.06705 8
3.5 4.03533 4.60299 5.17065 5.73831 6.28085 6.78407 7.24592 7.6623 8.03508 8.37501 8.69469 8.99336 9.27113 9.52756 9.76219 9.97742 10.1732 10.351 10.5113 10.6544 10.7784 10.8824 10.9679 11.0362 11.0884 11.1254 11.1474 11.1558 11.1512 11.1341 11.1041 11.0617 11.007 10.9399 10.8599 10.767 10.6607 10.5407 10.406 10.2558 10.0893 9.90549 9.70262 9.48009 9.23554 8.96679 8.67221 8.35026 8