1.2885 0.25595 2.297
1.2361 0.26286 2.281
1.2711 0.26113 2.266
1.2144 0.2672 2.281
1.2495 0.26545 2.266
1.1573 0.27345 2.297
1.1926 0.27155 2.281
1.2204 0.2681 2.252
1.2234 0.25964 2.181
1.1354 0.27783 2.297
1.1632 0.27408 2.266
1.1835 0.26888 2.223
1.2027 0.2638 2.181
1.0304 0.2822 2.297
1.0666 0.28024 2.281
1.1179 0.2822 2.297
1.1389 0.27667 2.252
1.1818 0.27667 2.252
1.1931 0.26955 2.194
1.2197 0.26623 2.167
0.96236 0.28458 2.281
1.0058 0.28458 2.281
1.0424 0.28271 2.266
1.0855 0.28271 2.266
1.1217 0.28096 2.252
1.1419 0.27547 2.208
1.1764 0.27373 2.194
1.1954 0.26861 2.153
0.86411 0.29095 2.297
0.90154 0.28893 2.281
0.93877 0.28703 2.266
0.97587 0.28525 2.252
1.0188 0.28525 2.252
1.0753 0.28893 2.281
1.1046 0.28525 2.252
1.1179 0.27791 2.194
1.1597 0.27791 2.194
1.1719 0.27107 2.14
0.83518 0.29134 2.266
0.88416 0.29327 2.281
0.92761 0.29327 2.281
0.95871 0.28954 2.252
0.99493 0.28761 2.237
1.0445 0.28954 2.252
1.0874 0.28954 2.252
1.1012 0.28209 2.194
1.1289 0.27861 2.167
1.1626 0.27681 2.153
1.1891 0.27347 2.127
0.82333 0.29762 2.281
0.86108 0.29566 2.266
0.89866 0.29383 2.252
0.94155 0.29383 2.252
0.97177 0.29005 2.223
1.0205 0.29188 2.237
1.0493 0.28809 2.208
1.078 0.28457 2.181
1.1052 0.28092 2.153
1.1462 0.28092 2.153
1.1586 0.27413 2.101
0.76785 0.30408 2.297
0.80595 0.30196 2.281
0.8386 0.29812 2.252
0.8815 0.29812 2.252
0.91824 0.29614 2.237
0.95483 0.29428 2.223
0.99045 0.2923 2.208
1.026 0.29044 2.194
1.0546 0.28687 2.167
1.0888 0.28502 2.153
1.123 0.2833 2.14
1.1425 0.27813 2.101
1.1752 0.27641 2.088
0.7066 0.30845 2.297
0.74513 0.30631 2.281
0.77336 0.3004 2.237
0.81087 0.29852 2.223
0.85858 0.3004 2.237
0.90119 0.3004 2.237
0.93157 0.2965 2.208
0.96745 0.29462 2.194
0.99682 0.291 2.167
1.0381 0.291 2.167
1.0724 0.28912 2.153
1.1 0.28563 2.127
1.1335 0.28388 2.114
1.1455 0.27703 2.063
0.6891 0.31283 2.297
0.72775 0.31065 2.281
0.75632 0.30466 2.237
0.79393 0.30275 2.223
0.83627 0.30275 2.223
0.87861 0.30275 2.223
0.91474 0.30071 2.208
0.93903 0.29512 2.167
0.9681 0.29145 2.14
1.015 0.29322 2.153
1.0496 0.29145 2.14
1.0838 0.28968 2.127
1.1037 0.28437 2.088
1.1297 0.28096 2.063
0.62785 0.3172 2.297
0.6716 0.3172 2.297
0.7057 0.31292 2.266
0.73928 0.30892 2.237
0.77699 0.30699 2.223
0.80865 0.30298 2.194
0.85044 0.30298 2.194
0.89792 0.30491 2.208
0.91656 0.29732 2.153
0.95179 0.29552 2.14
0.99255 0.29552 2.14
1.027 0.29373 2.127
1.061 0.29193 2.114
1.0877 0.28834 2.088
1.121 0.28669 2.076
1.1466 0.28323 2.051
0.61035 0.32158 2.297
0.64954 0.31934 2.281
0.68418 0.31528 2.252
0.72707 0.31528 2.252
0.75493 0.30912 2.208
0.79698 0.30912 2.208
0.82878 0.30534 2.181
0.86474 0.30338 2.167
0.90016 0.30142 2.153
0.9298 0.29778 2.127
0.96439 0.29596 2.114
1.017 0.2996 2.14
1.0385 0.29414 2.101
1.0852 0.29596 2.114
1.0983 0.28882 2.063
1.131 0.28714 2.051
0.59284 0.32596 2.297
0.62801 0.32156 2.266
0.66702 0.31957 2.252
0.70077 0.31545 2.223
0.73342 0.31134 2.194
0.78016 0.31333 2.208
0.7969 0.30368 2.14
0.83766 0.30368 2.14
0.87308 0.30183 2.127
0.90801 0.29999 2.114
0.94828 0.29999 2.114
0.98855 0.29999 2.114
1.0288 0.29999 2.114
1.0625 0.29814 2.101
1.0763 0.29105 2.051
1.0958 0.28594 2.015
1.1342 0.28594 2.015
0.53159 0.33033 2.297
0.57134 0.32803 2.281
0.61478 0.32803 2.281
0.64986 0.32386 2.252
0.68384 0.31969 2.223
0.71671 0.31552 2.194
0.7585 0.31552 2.194
0.78533 0.30962 2.153
0.81636 0.30588 2.127
0.85164 0.30401 2.114
0.88642 0.30214 2.101
0.92644 0.30214 2.101
0.96646 0.30214 2.101
1.0065 0.30214 2.101
1.034 0.29855 2.076
1.0545 0.29323 2.039
1.0804 0.28978 2.015
1.1121 0.28805 2.003
0.47034 0.33471 2.297
0.51051 0.33237 2.281
0.55031 0.33019 2.266
0.59348 0.33019 2.266
0.62849 0.32596 2.237
0.6669 0.32392 2.223
0.69999 0.3197 2.194
0.73739 0.3178 2.181
0.75964 0.30993 2.127
0.79527 0.30804 2.114
0.83553 0.30804 2.114
0.87041 0.30615 2.101
0.9048 0.30425 2.088
0.95045 0.30615 2.101
0.98434 0.30425 2.088
1.0182 0.3025 2.076
1.045 0.29886 2.051
1.0651 0.29361 2.015
1.0909 0.29026 1.992
0.44968 0.33672 2.281
0.53305 0.3345 2.266
0.56884 0.33022 2.237
0.60762 0.32816 2.223
0.64558 0.32594 2.208
0.67923 0.32196 2.181
0.71152 0.31782 2.153
0.74344 0.31399 2.127
0.77916 0.31207 2.114
0.81943 0.31207 2.114
0.84912 0.30823 2.088
0.88378 0.30646 2.076
0.92333 0.30646 2.076
0.96843 0.30823 2.088
0.99613 0.30454 2.063
1.0294 0.30277 2.051
1.0497 0.29745 2.015
1.0757 0.29406 1.992
1.1008 0.29066 1.969
0.4323 0.34106 2.281
0.47575 0.34106 2.281
0.5126 0.33673 2.252
0.55179 0.33448 2.237
0.5867 0.33015 2.208
0.62477 0.32806 2.194
0.65836 0.32402 2.167
0.69091 0.31998 2.14
0.72723 0.31804 2.127
0.75367 0.31221 2.088
0.78888 0.31041 2.076
0.82324 0.30847 2.063
0.86797 0.31041 2.076
0.90183 0.30847 2.063
0.94112 0.30847 2.063
0.96901 0.30488 2.039
1.0019 0.30308 2.027
1.0282 0.2995 2.003
1.0541 0.29606 1.98
1.0797 0.29277 1.958
0.41784 0.34783 2.297
0.45536 0.34314 2.266
0.49214 0.33875 2.237
0.53475 0.33875 2.237
0.56626 0.33223 2.194
0.60445 0.33027 2.181
0.64599 0.33027 2.181
0.66641 0.32012 2.114
0.70668 0.32012 2.114
0.73776 0.31618 2.088
0.77306 0.31437 2.076
0.79812 0.30876 2.039
0.84681 0.3124 2.063
0.88095 0.31058 2.051
0.92002 0.31058 2.051
0.95348 0.30876 2.039
0.96944 0.30165 1.992
1.0074 0.30165 1.992
1.039 0.29983 1.98
1.0708 0.29816 1.969
1.0835 0.2915 1.925
0.39755 0.34975 2.281
0.43539 0.34531 2.252
0.47212 0.34086 2.223
0.51099 0.33856 2.208
0.54954 0.33641 2.194
0.58406 0.33227 2.167
0.62129 0.33013 2.153
0.65031 0.32415 2.114
0.69482 0.32614 2.127
0.72185 0.32016 2.088
0.75725 0.31832 2.076
0.78719 0.31449 2.051
0.82143 0.31265 2.039
0.86533 0.31449 2.051
0.88852 0.30897 2.015
0.91632 0.30544 1.992
0.94851 0.3036 1.98
0.99221 0.30544 1.992
1.0239 0.3036 1.98
1.0499 0.30023 1.958
1.0688 0.29517 1.925
0.33908 0.35658 2.297
0.37767 0.35177 2.266
0.41823 0.3496 2.252
0.46112 0.3496 2.252
0.49104 0.34059 2.194
0.52967 0.33857 2.181
0.57121 0.33857 2.181
0.60124 0.33221 2.14
0.6303 0.32616 2.101
0.66617 0.32414 2.088
0.70594 0.32414 2.088
0.72821 0.31653 2.039
0.77157 0.31839 2.051
0.7964 0.3128 2.015
0.83976 0.31467 2.027
0.87317 0.3128 2.015
0.90114 0.30923 1.992
0.93909 0.30923 1.992
0.96575 0.30566 1.969
1.0033 0.30566 1.969
1.0349 0.30396 1.958
1.0542 0.29883 1.925
0.32158 0.36096 2.297
0.35579 0.35153 2.237
0.40107 0.35389 2.252
0.43825 0.34933 2.223
0.47432 0.34477 2.194
0.50647 0.33833 2.153
0.55104 0.34053 2.167
0.58138 0.33424 2.127
0.61429 0.33016 2.101
0.64653 0.32623 2.076
0.69003 0.32811 2.088
0.71687 0.3223 2.051
0.74709 0.31853 2.027
0.78105 0.31664 2.015
0.81943 0.31664 2.015
0.85781 0.31664 2.015
0.88063 0.31114 1.98
0.91834 0.31114 1.98
0.94543 0.30769 1.958
0.98273 0.30769 1.958
1.0086 0.30423 1.936
1.0395 0.3025 1.925
1.0588 0.29763 1.894
0.21657 0.36533 2.297
0.25851 0.36279 2.281
0.29998 0.3604 2.266
0.34102 0.35818 2.252
0.38136 0.35579 2.237
0.41582 0.34895 2.194
0.45761 0.34895 2.194
0.49325 0.34466 2.167
0.53107 0.34243 2.153
0.56172 0.33623 2.114
0.60199 0.33623 2.114
0.63071 0.33018 2.076
0.66605 0.32812 2.063
0.70125 0.32621 2.051
0.72732 0.32048 2.015
0.7657 0.32048 2.015
0.7949 0.31682 1.992
0.82783 0.31491 1.98
0.86073 0.31316 1.969
0.89824 0.31316 1.969
0.93052 0.31142 1.958
0.9515 0.30617 1.925
0.98817 0.30617 1.925
1.0195 0.30458 1.915
1.0444 0.30124 1.894
0.19639 0.36472 2.266
0.23955 0.36472 2.266
0.27909 0.36005 2.237
0.32386 0.36246 2.252
0.35959 0.35538 2.208
0.40165 0.35538 2.208
0.44089 0.35313 2.194
0.47366 0.34653 2.153
0.50845 0.34235 2.127
0.54897 0.34235 2.127
0.58228 0.33816 2.101
0.60749 0.33011 2.051
0.64655 0.33011 2.051
0.68963 0.33204 2.063
0.71197 0.32432 2.015
0.74588 0.32239 2.003
0.77503 0.31869 1.98
0.80823 0.31692 1.969
0.84101 0.31514 1.958
0.88324 0.31692 1.969
0.9156 0.31514 1.958
0.93683 0.30983 1.925
0.97906 0.3116 1.936
1.0049 0.30822 1.915
1.0354 0.30645 1.904
1.0542 0.30146 1.873
0.13782 0.37408 2.297
0.17912 0.36903 2.266
0.22091 0.36675 2.252
0.26205 0.36431 2.237
0.30275 0.36203 2.223
0.34277 0.35959 2.208
0.38012 0.35519 2.181
0.42166 0.35519 2.181
0.45726 0.35063 2.153
0.48924 0.34428 2.114
0.52951 0.34428 2.114
0.55953 0.33809 2.076
0.59186 0.33402 2.051
0.63093 0.33402 2.051
0.66607 0.33207 2.039
0.69661 0.32816 2.015
0.72661 0.32441 1.992
0.75572 0.32067 1.969
0.78879 0.31887 1.958
0.82145 0.31708 1.947
0.85853 0.31708 1.947
0.89562 0.31708 1.947
0.92217 0.3135 1.925
0.94837 0.31008 1.904
0.97947 0.30845 1.894
1.0155 0.30845 1.894
1.0233 0.30015 1.843
0.076567 0.37846 2.297
0.11948 0.37582 2.281
0.16186 0.37335 2.266
0.2024 0.36857 2.237
0.245 0.36857 2.237
0.28389 0.36379 2.208
0.32594 0.36379 2.208
0.36117 0.35704 2.167
0.40244 0.35704 2.167
0.43553 0.35045 2.127
0.47022 0.34616 2.101
0.50709 0.34402 2.088
0.53717 0.33793 2.051
0.57623 0.33793 2.051
0.6117 0.33595 2.039
0.64671 0.33397 2.027
0.6772 0.33002 2.003
0.70714 0.32623 1.98
0.73658 0.3226 1.958
0.77388 0.3226 1.958
0.80661 0.32079 1.947
0.83417 0.31717 1.925
0.87083 0.31717 1.925
0.8976 0.31371 1.904
0.92896 0.31206 1.894
0.96504 0.31206 1.894
0.97944 0.3053 1.853
1.0147 0.3053 1.853
0.058654 0.38017 2.281
0.10143 0.37767 2.266
0.1437 0.37533 2.252
0.18419 0.3705 2.223
0.22653 0.3705 2.223
0.26706 0.368 2.208
0.30716 0.36567 2.194
0.34466 0.36117 2.167
0.38344 0.35883 2.153
0.41932 0.3545 2.127
0.45141 0.348 2.088
0.49118 0.348 2.088
0.52154 0.34183 2.051
0.55733 0.33983 2.039
0.59266 0.33783 2.027
0.63127 0.33783 2.027
0.65831 0.332 1.992
0.68437 0.32633 1.958
0.72166 0.32633 1.958
0.75896 0.32633 1.958
0.78283 0.32083 1.925
0.8195 0.32083 1.925
0.84238 0.31567 1.894
0.88309 0.31733 1.904
0.90922 0.31383 1.883
0.95061 0.31567 1.894
0.97053 0.3105 1.863
0.99522 0.30717 1.843
1.0247 0.3055 1.833
0.041004 0.38198 2.266
0.083646 0.37962 2.252
0.12654 0.37962 2.252
0.16831 0.37709 2.237
0.20818 0.37221 2.208
0.25024 0.37221 2.208
0.28687 0.36529 2.167
0.32815 0.36529 2.167
0.36482 0.36074 2.14
0.40065 0.35636 2.114
0.4355 0.35198 2.088
0.47254 0.34995 2.076
0.50591 0.34574 2.051
0.5386 0.34169 2.027
0.57721 0.34169 2.027
0.61218 0.33967 2.015
0.64313 0.33579 1.992
0.66193 0.32635 1.936
0.70277 0.32821 1.947
0.73568 0.32635 1.936
0.77256 0.32635 1.936
0.80065 0.32281 1.915
0.83713 0.32281 1.915
0.85444 0.31573 1.873
0.89012 0.31573 1.873
0.9258 0.31573 1.873
0.96147 0.31573 1.873
0.96574 0.30579 1.814
1.0058 0.30747 1.824
-0.059066 0.39158 2.297
0.027882 0.38391 2.252
0.070306 0.38136 2.237
0.11221 0.37897 2.223
0.15254 0.37402 2.194
0.19433 0.37402 2.194
0.23472 0.37181 2.181
0.27449 0.36942 2.167
0.31576 0.36942 2.167
0.35045 0.3626 2.127
0.38379 0.35595 2.088
0.42113 0.35391 2.076
0.46067 0.35391 2.076
0.4913 0.3476 2.039
0.52702 0.34556 2.027
0.55893 0.34146 2.003
0.59381 0.33959 1.992
0.63175 0.33959 1.992
0.65826 0.33379 1.958
0.68383 0.32817 1.925
0.7205 0.32817 1.925
0.75717 0.32817 1.925
0.78971 0.32646 1.915
0.81713 0.32288 1.894
0.84374 0.3193 1.873
0.87942 0.3193 1.873
0.91021 0.3176 1.863
0.94569 0.3176 1.863
0.96538 0.31248 1.833
0.98993 0.30924 1.814
-0.072191 0.39596 2.297
-0.028055 0.39062 2.266
0.014913 0.38562 2.237
0.057523 0.38562 2.237
0.098834 0.38062 2.208
0.14 0.3782 2.194
0.18179 0.3782 2.194
0.22083 0.37355 2.167
0.26041 0.37114 2.153
0.2996 0.3689 2.14
0.34036 0.3689 2.14
0.37418 0.36217 2.101
0.40671 0.35562 2.063
0.446 0.35562 2.063
0.47965 0.35148 2.039
0.51544 0.34942 2.027
0.54448 0.34338 1.992
0.58242 0.34338 1.992
0.60978 0.33752 1.958
0.64344 0.33563 1.947
0.66934 0.33011 1.915
0.70176 0.32821 1.904
0.73415 0.32649 1.894
0.77429 0.32821 1.904
0.80162 0.32459 1.883
0.83304 0.32287 1.873
0.86408 0.32115 1.863
0.89473 0.31942 1.853
0.92501 0.3177 1.843
0.95491 0.31597 1.833
0.97416 0.31098 1.804
1.0035 0.30942 1.795
-0.12907 0.40033 2.297
-0.084723 0.39755 2.281
-0.04075 0.39249 2.252
0.0021171 0.38744 2.223
0.04416 0.38482 2.208
0.086217 0.38482 2.208
0.12746 0.38238 2.194
0.16717 0.37768 2.167
0.20844 0.37768 2.167
0.24811 0.37524 2.153
0.28737 0.37297 2.14
0.32415 0.36844 2.114
0.35993 0.36391 2.088
0.39262 0.35746 2.051
0.43169 0.35746 2.051
0.468 0.35537 2.039
0.49789 0.34909 2.003
0.5331 0.34718 1.992
0.56129 0.34125 1.958
0.59859 0.34125 1.958
0.63231 0.33933 1.947
0.6584 0.33376 1.915
0.69088 0.33184 1.904
0.72333 0.3301 1.894
0.7594 0.3301 1.894
0.78666 0.32644 1.873
0.82234 0.32644 1.873
0.84427 0.32121 1.843
0.87937 0.32121 1.843
0.90505 0.3179 1.824
0.94443 0.31947 1.833
0.95423 0.31127 1.786
0.99323 0.31284 1.795
-0.3172 0.40471 2.297
-0.18465 0.40189 2.281
-0.1412 0.40189 2.281
-0.096514 0.39678 2.252
-0.053262 0.39414 2.237
-0.010514 0.38903 2.208
0.031343 0.38656 2.194
0.073133 0.38656 2.194
0.11351 0.3818 2.167
0.15379 0.37934 2.153
0.1948 0.37934 2.153
0.23153 0.37247 2.114
0.27347 0.37476 2.127
0.31015 0.37018 2.101
0.346 0.36577 2.076
0.37867 0.35925 2.039
0.41505 0.35714 2.027
0.45366 0.35714 2.027
0.48644 0.35291 2.003
0.51857 0.34886 1.98
0.54701 0.34304 1.947
0.5841 0.34304 1.947
0.61417 0.33917 1.925
0.65083 0.33917 1.925
0.67643 0.3337 1.894
0.70837 0.33177 1.883
0.73633 0.32824 1.863
0.77181 0.32824 1.863
0.8073 0.32824 1.863
0.82514 0.32137 1.824
0.85989 0.32137 1.824
0.89904 0.32296 1.833
0.92428 0.31961 1.814
0.94403 0.31468 1.786
0.98298 0.31626 1.795
-0.28658 0.40908 2.297
-0.24113 0.40624 2.281
-0.19639 0.40356 2.266
-0.15322 0.40356 2.266
-0.10938 0.40107 2.252
-0.065631 0.39591 2.223
-0.023131 0.39323 2.208
0.018926 0.39323 2.208
0.060237 0.38843 2.181
0.10113 0.38593 2.167
0.14063 0.38112 2.14
0.18139 0.38112 2.14
0.21675 0.37186 2.088
0.25812 0.37418 2.101
0.29459 0.36973 2.076
0.33011 0.36527 2.051
0.36918 0.36527 2.051
0.40108 0.35886 2.015
0.43946 0.35886 2.015
0.47239 0.35477 1.992
0.50162 0.34871 1.958
0.53589 0.34675 1.947
0.56974 0.34479 1.936
0.60317 0.34283 1.925
0.63285 0.33909 1.904
0.66174 0.33535 1.883
0.6902 0.33179 1.863
0.72179 0.33001 1.853
0.76117 0.33179 1.863
0.79238 0.33001 1.853
0.81472 0.32485 1.824
0.85365 0.32645 1.833
0.88421 0.32485 1.824
0.90434 0.31968 1.795
0.93853 0.31968 1.795
0.96784 0.31808 1.786
0.98167 0.31167 1.75
-0.34346 0.41346 2.297
-0.29762 0.41058 2.281
-0.25417 0.41058 2.281
-0.20804 0.40536 2.252
-0.16515 0.40536 2.252
-0.12068 0.40014 2.223
-0.077806 0.39744 2.208
-0.035522 0.39492 2.194
0.0062314 0.39258 2.181
0.047161 0.38754 2.153
0.08817 0.38754 2.153
0.12918 0.38754 2.153
0.16608 0.37818 2.101
0.20365 0.37368 2.076
0.24319 0.37368 2.076
0.28096 0.37134 2.063
0.31839 0.36918 2.051
0.35746 0.36918 2.051
0.38957 0.3627 2.015
0.42306 0.35856 1.992
0.46101 0.35856 1.992
0.48768 0.35046 1.947
0.5218 0.34848 1.936
0.5555 0.3465 1.925
0.58571 0.34272 1.904
0.61871 0.34092 1.894
0.65098 0.33894 1.883
0.6759 0.33354 1.853
0.7112 0.33354 1.853
0.74649 0.33354 1.853
0.76955 0.32832 1.824
0.79989 0.32652 1.814
0.83904 0.32832 1.824
0.86899 0.32652 1.814
0.8896 0.32148 1.786
0.92827 0.3231 1.795
0.94798 0.31824 1.768
0.97167 0.315 1.75
-0.3541 0.41492 2.281
-0.31065 0.41492 2.281
-0.26545 0.4122 2.266
-0.21944 0.40692 2.237
-0.17572 0.40437 2.223
-0.13248 0.40165 2.208
-0.08985 0.3991 2.194
-0.047774 0.39673 2.181
-0.0061914 0.39419 2.167
0.034648 0.38928 2.14
0.07541 0.38928 2.14
0.11617 0.38928 2.14
0.15407 0.38218 2.101
0.19289 0.37982 2.088
0.22854 0.37309 2.051
0.26604 0.3709 2.039
0.30488 0.3709 2.039
0.33765 0.36436 2.003
0.3758 0.36436 2.003
0.4092 0.36017 1.98
0.44195 0.35617 1.958
0.47655 0.35417 1.947
0.51074 0.35217 1.936
0.54167 0.34835 1.915
0.57483 0.34635 1.904
0.60788 0.34453 1.894
0.63682 0.34071 1.873
0.66532 0.33707 1.853
0.69305 0.33343 1.833
0.72042 0.32998 1.814
0.75913 0.33179 1.824
0.78517 0.32816 1.804
0.81953 0.32816 1.804
0.85389 0.32816 1.804
0.88382 0.32652 1.795
0.90421 0.32161 1.768
0.93311 0.31997 1.759
0.96661 0.31997 1.759
-0.41058 0.41927 2.281
-0.36971 0.42221 2.297
-0.32156 0.41651 2.266
-0.27667 0.41394 2.252
-0.23077 0.40861 2.223
-0.18715 0.40585 2.208
-0.1451 0.40585 2.208
-0.10239 0.40328 2.194
-0.05985 0.39832 2.167
-0.018454 0.39574 2.153
0.022283 0.39096 2.127
0.062413 0.38857 2.114
0.10205 0.38618 2.101
0.14119 0.38379 2.088
0.17992 0.38159 2.076
0.21682 0.37699 2.051
0.25439 0.37479 2.039
0.2915 0.37258 2.027
0.3262 0.36817 2.003
0.36436 0.36817 2.003
0.39789 0.36394 1.98
0.42834 0.35788 1.947
0.46543 0.35788 1.947
0.49683 0.35383 1.925
0.52768 0.34997 1.904
0.56098 0.34814 1.894
0.59359 0.34611 1.883
0.62277 0.34244 1.863
0.65119 0.33876 1.843
0.67922 0.33527 1.824
0.71005 0.33343 1.814
0.7446 0.33343 1.814
0.771 0.32994 1.795
0.80519 0.32994 1.795
0.83938 0.32994 1.795
0.86919 0.32828 1.786
0.88955 0.32332 1.759
0.92778 0.32498 1.768
0.95167 0.32167 1.75
-0.41823 0.41823 2.252
-0.37767 0.42083 2.266
-0.33244 0.41823 2.252
-0.28761 0.41544 2.237
-0.2403 0.40746 2.194
-0.1985 0.40746 2.194
-0.15579 0.40504 2.181
-0.11351 0.40244 2.167
-0.071767 0.39984 2.153
-0.030386 0.39501 2.127
0.010129 0.39501 2.127
0.050024 0.39019 2.101
0.088971 0.38554 2.076
0.12851 0.38554 2.076
0.167 0.38313 2.063
0.2039 0.37867 2.039
0.23988 0.37421 2.015
0.27826 0.37421 2.015
0.31476 0.37199 2.003
0.34886 0.36771 1.98
0.38013 0.36159 1.947
0.41721 0.36159 1.947
0.45173 0.35954 1.936
0.48053 0.3536 1.904
0.51409 0.35174 1.894
0.54697 0.3497 1.883
0.57664 0.34599 1.863
0.61213 0.34599 1.863
0.63719 0.34041 1.833
0.6688 0.33874 1.824
0.69583 0.33503 1.804
0.73019 0.33503 1.804
0.75692 0.33169 1.786
0.78696 0.33001 1.777
0.8208 0.33001 1.777
0.85465 0.33001 1.777
0.884 0.32834 1.768
0.90833 0.325 1.75
0.93682 0.32333 1.741
0.9555 0.3185 1.715
-0.57534 0.43096 2.297
-0.48444 0.42796 2.281
-0.43809 0.42514 2.266
-0.39249 0.42252 2.252
-0.34727 0.4197 2.237
-0.30275 0.41708 2.223
-0.25701 0.41164 2.194
-0.21395 0.4092 2.181
-0.1713 0.40657 2.167
-0.13002 0.40657 2.167
-0.08817 0.40394 2.153
-0.046307 0.39663 2.114
-0.00604 0.39663 2.114
0.033806 0.39175 2.088
0.072696 0.38706 2.063
0.11134 0.38481 2.051
0.15129 0.38706 2.063
0.18836 0.38256 2.039
0.22587 0.3803 2.027
0.26134 0.3758 2.003
0.29785 0.37374 1.992
0.33377 0.37149 1.98
0.36529 0.36529 1.947
0.40011 0.36323 1.936
0.4345 0.36117 1.925
0.46603 0.35723 1.904
0.49675 0.35329 1.883
0.52979 0.35141 1.873
0.56547 0.35141 1.873
0.59152 0.34578 1.843
0.62662 0.34578 1.843
0.65131 0.34034 1.814
0.68208 0.33846 1.804
0.71287 0.33678 1.795
0.74706 0.33678 1.795
0.77342 0.3334 1.777
0.80318 0.33171 1.768
0.83685 0.33171 1.768
0.87496 0.3334 1.777
0.88579 0.32496 1.732
0.91878 0.32496 1.732
0.93309 0.31858 1.698
-0.58872 0.4323 2.281
-0.54909 0.43534 2.297
-0.50182 0.4323 2.281
-0.45536 0.42946 2.266
-0.40692 0.42396 2.237
-0.36431 0.42396 2.237
-0.31753 0.41847 2.208
-0.27036 0.4107 2.167
-0.22908 0.4107 2.167
-0.18781 0.4107 2.167
-0.14558 0.40804 2.153
-0.10331 0.40312 2.127
-0.062797 0.40312 2.127
-0.02201 0.39819 2.101
0.017897 0.39573 2.088
0.056978 0.39099 2.063
0.095713 0.38871 2.051
0.13399 0.38644 2.039
0.17181 0.38416 2.027
0.20918 0.38189 2.015
0.24608 0.37962 2.003
0.28267 0.37753 1.992
0.31692 0.37317 1.969
0.35046 0.369 1.947
0.38317 0.36483 1.925
0.41983 0.36483 1.925
0.45152 0.36085 1.904
0.47984 0.35498 1.873
0.51277 0.35308 1.863
0.54531 0.35119 1.853
0.57747 0.34929 1.843
0.60925 0.3474 1.833
0.63081 0.3402 1.795
0.66834 0.3419 1.804
0.69218 0.33678 1.777
0.72603 0.33678 1.777
0.75988 0.33678 1.777
0.78569 0.33337 1.759
0.81919 0.33337 1.759
0.85706 0.33508 1.768
0.87713 0.32996 1.741
0.90088 0.32655 1.723
0.92015 0.32181 1.698
0.94801 0.3203 1.69
-0.60609 0.43665 2.281
-0.55895 0.43378 2.266
-0.51578 0.43378 2.266
-0.46657 0.42823 2.237
-0.42131 0.42555 2.223
-0.37897 0.42555 2.223
-0.33223 0.41999 2.194
-0.28687 0.41483 2.167
-0.24559 0.41483 2.167
-0.203 0.41215 2.153
-0.16101 0.40966 2.14
-0.11879 0.40468 2.114
-0.07852 0.40468 2.114
-0.037566 0.39741 2.076
0.0019771 0.39741 2.076
0.04102 0.39262 2.051
0.079618 0.39032 2.039
0.11776 0.38803 2.027
0.15544 0.38573 2.015
0.19161 0.38133 1.992
0.23082 0.38343 2.003
0.2675 0.38133 1.992
0.29854 0.37271 1.947
0.33563 0.37271 1.947
0.36659 0.36659 1.915
0.40075 0.36448 1.904
0.43701 0.36448 1.904
0.46806 0.36046 1.883
0.4959 0.35472 1.853
0.52833 0.3528 1.843
0.56343 0.3528 1.843
0.58912 0.34725 1.814
0.62023 0.34534 1.804
0.65459 0.34534 1.804
0.68208 0.34189 1.786
0.70888 0.33845 1.768
0.73878 0.33672 1.759
0.77228 0.33672 1.759
0.80167 0.335 1.75
0.83071 0.33328 1.741
0.86833 0.335 1.75
0.879 0.32658 1.706
0.90294 0.32351 1.69
0.92573 0.32026 1.673
-0.61937 0.43809 2.266
-0.57621 0.43809 2.266
-0.53305 0.43809 2.266
-0.48059 0.42978 2.223
-0.43825 0.42978 2.223
-0.39591 0.42978 2.223
-0.34243 0.41625 2.153
-0.30338 0.41895 2.167
-0.26041 0.41625 2.153
-0.21808 0.41373 2.14
-0.17839 0.41625 2.153
-0.13406 0.40619 2.101
-0.094045 0.40619 2.101
-0.053383 0.40136 2.076
-0.013753 0.39885 2.063
0.025393 0.39653 2.051
0.064083 0.39421 2.039
0.10171 0.38957 2.015
0.13926 0.38725 2.003
0.17643 0.38512 1.992
0.21309 0.3828 1.98
0.24801 0.37855 1.958
0.2821 0.37429 1.936
0.32079 0.37642 1.947
0.352 0.37023 1.915
0.38421 0.36617 1.894
0.42029 0.36617 1.894
0.4513 0.36211 1.873
0.48178 0.35825 1.853
0.51428 0.35631 1.843
0.54074 0.35071 1.814
0.56927 0.34703 1.795
0.60985 0.35071 1.814
0.63126 0.34355 1.777
0.66174 0.34181 1.768
0.68833 0.33833 1.75
0.71796 0.33659 1.741
0.75888 0.34007 1.759
0.78022 0.33485 1.732
0.81744 0.33659 1.741
0.8379 0.33157 1.715
0.866 0.32983 1.706
0.88533 0.32499 1.681
0.91298 0.32345 1.673
-0.73285 0.44846 2.297
-0.6891 0.44846 2.297
-0.6327 0.43968 2.252
-0.58588 0.43675 2.237
-0.53987 0.43401 2.223
-0.49753 0.43401 2.223
-0.45519 0.43401 2.223
-0.40504 0.42581 2.181
-0.3635 0.42581 2.181
-0.31399 0.41527 2.127
-0.27347 0.41527 2.127
-0.2358 0.42035 2.153
-0.19009 0.4102 2.101
-0.14914 0.40766 2.088
-0.10937 0.40766 2.088
-0.068767 0.40278 2.063
-0.029471 0.40278 2.063
0.0097095 0.39809 2.039
0.048262 0.39575 2.027
0.085843 0.39106 2.003
0.12331 0.38891 1.992
0.16126 0.38891 1.992
0.1969 0.38442 1.969
0.2331 0.38228 1.958
0.26735 0.37798 1.936
0.30423 0.37798 1.936
0.3374 0.37388 1.915
0.36978 0.36978 1.894
0.40136 0.36568 1.873
0.4347 0.36373 1.863
0.46766 0.36178 1.853
0.49753 0.35787 1.833
0.5214 0.35045 1.795
0.55281 0.3487 1.786
0.58979 0.35045 1.795
0.61772 0.34694 1.777
0.64497 0.34342 1.759
0.675 0.34167 1.75
0.70833 0.34167 1.75
0.74167 0.34167 1.75
0.77101 0.33991 1.741
0.80418 0.33991 1.741
0.8205 0.33308 1.706
0.845 0.32995 1.69
0.86837 0.32663 1.673
0.90454 0.3282 1.681
0.92764 0.32507 1.665
-0.78857 0.44968 2.281
-0.75035 0.45284 2.297
-0.69276 0.44397 2.252
-0.64986 0.44397 2.252
-0.59915 0.43825 2.223
-0.55681 0.43825 2.223
-0.51447 0.43825 2.223
-0.46596 0.43253 2.194
-0.42166 0.42997 2.181
-0.38012 0.42997 2.181
-0.32817 0.41676 2.114
-0.28968 0.41932 2.127
-0.24764 0.41676 2.114
-0.2061 0.4142 2.101
-0.16505 0.41163 2.088
-0.12306 0.40434 2.051
-0.083502 0.40197 2.039
-0.044927 0.40434 2.051
-0.0057914 0.39961 2.027
0.03243 0.39488 2.003
0.071005 0.39724 2.015
0.10814 0.39271 1.992
0.1452 0.39034 1.98
0.1819 0.38817 1.969
0.21695 0.38384 1.947
0.25117 0.3795 1.925
0.28634 0.37753 1.915
0.32096 0.37536 1.904
0.35329 0.37122 1.883
0.38502 0.36728 1.863
0.41825 0.36531 1.853
0.4511 0.36333 1.843
0.48119 0.35959 1.824
0.50518 0.3521 1.786
0.5392 0.3521 1.786
0.57322 0.3521 1.786
0.60724 0.3521 1.786
0.62833 0.345 1.75
0.65826 0.34323 1.741
0.68428 0.33968 1.723
0.72084 0.34145 1.732
0.75383 0.34145 1.732
0.77501 0.33633 1.706
0.80751 0.33633 1.706
0.82375 0.32982 1.673
0.85971 0.3314 1.681
0.88324 0.32824 1.665
0.90616 0.32509 1.649
-0.81161 0.45721 2.297
-0.75749 0.45104 2.266
-0.70519 0.44527 2.237
-0.66702 0.44826 2.252
-0.61609 0.44248 2.223
-0.56987 0.4395 2.208
-0.52447 0.43671 2.194
-0.47982 0.43412 2.181
-0.43004 0.42596 2.14
-0.39164 0.42855 2.153
-0.3464 0.42337 2.127
-0.30214 0.4182 2.101
-0.26212 0.4182 2.101
-0.22348 0.42079 2.114
-0.17879 0.41064 2.063
-0.13869 0.40825 2.051
-0.098454 0.40347 2.027
-0.060199 0.40586 2.039
-0.021235 0.40347 2.027
0.017271 0.40108 2.015
0.055321 0.39869 2.003
0.0924 0.39411 1.98
0.13011 0.39411 1.98
0.16503 0.38755 1.947
0.20098 0.38536 1.936
0.2365 0.38317 1.925
0.27175 0.38118 1.915
0.30484 0.377 1.894
0.33894 0.37481 1.883
0.37083 0.37083 1.863
0.39977 0.36485 1.833
0.43255 0.36306 1.824
0.46473 0.36107 1.814
0.49158 0.3555 1.786
0.52295 0.35371 1.777
0.55397 0.35192 1.768
0.58765 0.35192 1.768
0.62133 0.35192 1.768
0.63833 0.34296 1.723
0.66803 0.34137 1.715
0.70397 0.34296 1.723
0.74064 0.34475 1.732
0.76201 0.33958 1.706
0.78706 0.33639 1.69
0.81925 0.33639 1.69
0.83884 0.33141 1.665
0.87056 0.33141 1.665
0.8936 0.32823 1.649
0.9166 0.32524 1.634
-0.87286 0.46159 2.297
-0.77476 0.45536 2.266
-0.72223 0.44953 2.237
-0.67537 0.44672 2.223
-0.63303 0.44672 2.223
-0.58298 0.44089 2.194
-0.53798 0.43828 2.181
-0.49644 0.43828 2.181
-0.44634 0.43004 2.14
-0.40312 0.42743 2.127
-0.35817 0.4222 2.101
-0.31437 0.41718 2.076
-0.27813 0.4222 2.101
-0.23664 0.41959 2.088
-0.19338 0.41215 2.051
-0.15341 0.40974 2.039
-0.11322 0.40492 2.015
-0.074843 0.40492 2.015
-0.036896 0.40974 2.039
0.0019076 0.40251 2.003
0.0396 0.39789 1.98
0.076455 0.39346 1.958
0.11311 0.39125 1.947
0.1485 0.38683 1.925
0.18517 0.38683 1.925
0.21826 0.3806 1.894
0.25568 0.38261 1.904
0.29041 0.3806 1.894
0.32287 0.37638 1.873
0.35472 0.37236 1.853
0.38791 0.37036 1.843
0.41636 0.36453 1.814
0.44619 0.36071 1.795
0.47797 0.3589 1.786
0.50941 0.35709 1.777
0.53775 0.35348 1.759
0.57126 0.35348 1.759
0.60476 0.35348 1.759
0.6223 0.34463 1.715
0.65497 0.34463 1.715
0.68402 0.34282 1.706
0.71652 0.34282 1.706
0.74902 0.34282 1.706
0.77006 0.3378 1.681
0.80637 0.33961 1.69
0.81822 0.33137 1.649
0.84963 0.33137 1.649
0.87302 0.32836 1.634
0.89529 0.32514 1.618
-0.78713 0.45683 2.252
-0.74423 0.45683 2.252
-0.68763 0.44791 2.208
-0.64558 0.44791 2.208
-0.59614 0.44243 2.181
-0.5546 0.44243 2.181
-0.50976 0.43959 2.167
-0.46265 0.43411 2.14
-0.41676 0.42884 2.114
-0.37418 0.4262 2.101
-0.33416 0.4262 2.101
-0.28882 0.41849 2.063
-0.2511 0.42113 2.076
-0.20534 0.40876 2.015
-0.16696 0.40876 2.015
-0.12934 0.41119 2.027
-0.089658 0.40632 2.003
-0.051814 0.40876 2.015
-0.01328 0.40409 1.992
0.024514 0.40166 1.98
0.061191 0.39496 1.947
0.097167 0.3905 1.925
0.13314 0.38847 1.915
0.16961 0.38847 1.915
0.20383 0.38421 1.894
0.24117 0.38624 1.904
0.27598 0.38421 1.894
0.3053 0.37589 1.853
0.3406 0.37589 1.853
0.37387 0.37387 1.843
0.40032 0.36595 1.804
0.43034 0.3623 1.786
0.4667 0.36413 1.795
0.49336 0.35865 1.768
0.52435 0.35683 1.759
0.555 0.355 1.75
0.58531 0.35317 1.741
0.61527 0.35135 1.732
0.6419 0.3479 1.715
0.66788 0.34445 1.698
0.70022 0.34445 1.698
0.72523 0.341 1.681
0.75725 0.341 1.681
0.78927 0.341 1.681
0.81347 0.33776 1.665
0.833 0.33289 1.641
0.86426 0.33289 1.641
0.8917 0.33147 1.634
-0.90154 0.46706 2.281
-0.86411 0.47034 2.297
-0.79893 0.45805 2.237
-0.75632 0.45805 2.237
-0.70446 0.45211 2.208
-0.6543 0.44659 2.181
-0.61641 0.44925 2.194
-0.56388 0.44085 2.153
-0.51971 0.43819 2.14
-0.47604 0.43553 2.127
-0.43287 0.43287 2.114
-0.38777 0.42754 2.088
-0.346 0.42509 2.076
-0.30277 0.41997 2.051
-0.26524 0.42242 2.063
-0.21938 0.41014 2.003
-0.18231 0.4126 2.015
-0.14393 0.4126 2.015
-0.10434 0.40789 1.992
-0.066 0.40543 1.98
-0.028129 0.40318 1.969
0.0093762 0.40318 1.969
0.046619 0.40092 1.958
0.0825 0.39417 1.925
0.11855 0.39212 1.915
0.15413 0.38987 1.904
0.1894 0.38782 1.894
0.22417 0.38557 1.883
0.26003 0.38557 1.883
0.29276 0.38147 1.863
0.32648 0.37942 1.853
0.35221 0.36939 1.804
0.38657 0.36939 1.804
0.41673 0.3657 1.786
0.44394 0.36018 1.759
0.47989 0.36202 1.768
0.50833 0.35833 1.75
0.53888 0.35649 1.741
0.5635 0.35117 1.715
0.6052 0.35649 1.741
0.62553 0.34932 1.706
0.65186 0.34605 1.69
0.68729 0.34769 1.698
0.70903 0.34257 1.673
0.74843 0.34605 1.69
0.77277 0.34257 1.673
0.80463 0.34257 1.673
0.817 0.33458 1.634
0.85176 0.33601 1.641
0.87064 0.3313 1.618
0.8931 0.32823 1.603
-0.91892 0.47141 2.281
-0.86434 0.46541 2.252
-0.81597 0.46231 2.237
-0.76852 0.45942 2.223
-0.71671 0.45343 2.194
-0.67092 0.45074 2.181
-0.62533 0.44785 2.167
-0.57678 0.44227 2.14
-0.52951 0.43689 2.114
-0.48924 0.43689 2.114
-0.44897 0.43689 2.114
-0.40368 0.43152 2.088
-0.36182 0.42904 2.076
-0.32026 0.42635 2.063
-0.27933 0.42387 2.051
-0.23604 0.41643 2.015
-0.19766 0.41643 2.015
-0.15833 0.41395 2.003
-0.1188 0.4092 1.98
-0.080635 0.40693 1.969
-0.04313 0.40693 1.969
-0.0056257 0.40693 1.969
0.031167 0.39783 1.925
0.067481 0.39577 1.915
0.10336 0.39349 1.904
0.13963 0.39349 1.904
0.17395 0.38915 1.883
0.20871 0.38709 1.873
0.24308 0.38502 1.863
0.27707 0.38295 1.853
0.30899 0.37882 1.833
0.33846 0.37283 1.804
0.37097 0.37097 1.795
0.40313 0.36911 1.786
0.43054 0.36353 1.759
0.46642 0.36539 1.768
0.495 0.36167 1.75
0.52562 0.35981 1.741
0.553 0.35609 1.723
0.5831 0.35443 1.715
0.60966 0.35092 1.698
0.63898 0.34927 1.69
0.6676 0.34741 1.681
0.68963 0.34245 1.657
0.72119 0.34245 1.657
0.75639 0.3441 1.665
0.78053 0.34079 1.649
0.808 0.33914 1.641
0.83567 0.33769 1.634
0.8546 0.33294 1.611
0.87704 0.32984 1.596
-0.98662 0.47909 2.297
-0.9363 0.47575 2.281
-0.87563 0.46657 2.237
-0.817 0.45761 2.194
-0.77521 0.45761 2.194
-0.73342 0.45761 2.194
-0.68312 0.45197 2.167
-0.63385 0.44634 2.14
-0.59309 0.44634 2.14
-0.54561 0.44092 2.114
-0.49913 0.4355 2.088
-0.45936 0.4355 2.088
-0.41959 0.4355 2.088
-0.37763 0.43299 2.076
-0.33597 0.43028 2.063
-0.2915 0.42277 2.027
-0.2514 0.42027 2.015
-0.20931 0.41297 1.98
-0.17264 0.41547 1.992
-0.13389 0.41297 1.98
-0.095637 0.41068 1.969
-0.057808 0.40838 1.958
-0.020512 0.40838 1.958
0.0165 0.4015 1.925
0.052587 0.39712 1.904
0.088853 0.39712 1.904
0.12446 0.39503 1.894
0.15876 0.39065 1.873
0.1934 0.38857 1.863
0.22765 0.38648 1.853
0.26295 0.38648 1.853
0.29358 0.38043 1.824
0.32652 0.37835 1.814
0.3555 0.37251 1.786
0.38952 0.37251 1.786
0.415 0.365 1.75
0.44603 0.36312 1.741
0.48167 0.365 1.75
0.51235 0.36312 1.741
0.53737 0.3577 1.715
0.56704 0.35582 1.706
0.59391 0.35249 1.69
0.62277 0.35061 1.681
0.65167 0.34894 1.673
0.68027 0.34727 1.665
0.70856 0.3456 1.657
0.74013 0.3456 1.657
0.76424 0.34227 1.641
0.79937 0.34393 1.649
0.81516 0.33747 1.618
0.84598 0.33747 1.618
0.86488 0.33288 1.596
0.88687 0.32975 1.581
-1.0479 0.48346 2.297
-0.99712 0.4801 2.281
-0.9474 0.47694 2.266
-0.88708 0.46789 2.223
-0.83904 0.46473 2.208
-0.79193 0.46178 2.194
-0.74569 0.45905 2.181
-0.69511 0.45316 2.153
-0.6541 0.45316 2.153
-0.60199 0.44495 2.114
-0.55827 0.44221 2.101
-0.51504 0.43947 2.088
-0.47254 0.43695 2.076
-0.43299 0.43695 2.076
-0.38871 0.43169 2.051
-0.34965 0.43169 2.051
-0.30331 0.42158 2.003
-0.2637 0.41927 1.992
-0.22576 0.41927 1.992
-0.18782 0.41927 1.992
-0.14814 0.41443 1.969
-0.11002 0.41211 1.958
-0.072726 0.41211 1.958
-0.035032 0.40748 1.936
0.0018333 0.40517 1.925
0.03766 0.39633 1.883
0.073956 0.39864 1.894
0.11003 0.39864 1.894
0.14449 0.39422 1.873
0.1792 0.39212 1.863
0.21354 0.39001 1.853
0.24749 0.38791 1.843
0.27815 0.3818 1.814
0.31098 0.3797 1.804
0.34189 0.37591 1.786
0.37402 0.37402 1.777
0.40373 0.37023 1.759
0.43276 0.36644 1.741
0.46592 0.36644 1.741
0.49651 0.36454 1.732
0.5243 0.36097 1.715
0.54885 0.3557 1.69
0.57794 0.35381 1.681
0.60996 0.35381 1.681
0.63587 0.35044 1.665
0.66438 0.34876 1.657
0.68922 0.34539 1.641
0.72048 0.34539 1.641
0.74853 0.34392 1.634
0.77965 0.34392 1.634
0.80284 0.34055 1.618
0.83005 0.33908 1.611
0.84898 0.33445 1.589
0.87095 0.33129 1.574
-1.1448 0.48444 2.281
-1.051 0.48126 2.266
-1.0216 0.48784 2.297
-0.97105 0.48444 2.281
-0.90402 0.47212 2.223
-0.8454 0.4632 2.181
-0.80385 0.4632 2.181
-0.75252 0.45726 2.153
-0.71614 0.46023 2.167
-0.66241 0.45173 2.127
-0.61809 0.44897 2.114
-0.57072 0.44345 2.088
-0.5279 0.4409 2.076
-0.47965 0.43304 2.039
-0.446 0.43814 2.063
-0.40434 0.43559 2.051
-0.36314 0.43304 2.039
-0.32048 0.42795 2.015
-0.27888 0.42306 1.992
-0.23949 0.42051 1.98
-0.20177 0.42051 1.98
-0.16315 0.41818 1.969
-0.12424 0.41351 1.947
-0.086659 0.41117 1.936
-0.049243 0.40671 1.915
-0.012693 0.40437 1.904
0.02345 0.40225 1.894
0.059526 0.40225 1.894
0.095047 0.39991 1.883
0.13022 0.39779 1.873
0.16412 0.39354 1.853
0.19834 0.39142 1.843
0.23104 0.38738 1.824
0.26156 0.38122 1.795
0.29575 0.38122 1.795
0.32663 0.3774 1.777
0.36048 0.3774 1.777
0.39033 0.37358 1.759
0.4195 0.36976 1.741
0.45032 0.36784 1.732
0.4808 0.36593 1.723
0.51123 0.36423 1.715
0.53597 0.35892 1.69
0.56514 0.35701 1.681
0.59147 0.35361 1.665
0.62019 0.35192 1.657
0.64861 0.35022 1.649
0.67672 0.34852 1.641
0.70797 0.34852 1.641
0.73608 0.34703 1.634
0.75969 0.34363 1.618
0.79051 0.34363 1.618
0.81777 0.34215 1.611
0.82897 0.33429 1.574
0.85513 0.3328 1.567
-1.1704 0.49221 2.297
-1.1114 0.48557 2.266
-1.0683 0.48557 2.266
-1.0188 0.48257 2.252
-0.97587 0.48257 2.252
-0.90894 0.47014 2.194
-0.86201 0.46736 2.181
-0.82047 0.46736 2.181
-0.76893 0.46136 2.153
-0.72352 0.45857 2.14
-0.67861 0.45579 2.127
-0.6342 0.453 2.114
-0.58326 0.44486 2.076
-0.54031 0.44207 2.063
-0.49519 0.43693 2.039
-0.45635 0.43693 2.039
-0.41505 0.43436 2.027
-0.37644 0.43436 2.027
-0.33583 0.43179 2.015
-0.29066 0.42193 1.969
-0.25174 0.41957 1.958
-0.21445 0.41957 1.958
-0.17616 0.41721 1.947
-0.13829 0.41486 1.936
-0.10083 0.4125 1.925
-0.063467 0.408 1.904
-0.0272 0.408 1.904
0.009019 0.40586 1.894
0.044595 0.40136 1.873
0.080271 0.40136 1.873
0.11533 0.39921 1.863
0.1492 0.39493 1.843
0.1833 0.39279 1.833
0.21714 0.39086 1.824
0.24788 0.38464 1.795
0.28066 0.38271 1.786
0.31468 0.38271 1.786
0.34518 0.37886 1.768
0.37307 0.37307 1.741
0.40623 0.37307 1.741
0.43283 0.3675 1.715
0.45871 0.36214 1.69
0.49555 0.36557 1.706
0.5231 0.36214 1.69
0.5497 0.3585 1.673
0.57879 0.35679 1.665
0.60757 0.35507 1.657
0.63604 0.35336 1.649
0.66138 0.35014 1.634
0.6925 0.35014 1.634
0.71344 0.34521 1.611
0.74736 0.34671 1.618
0.77481 0.34521 1.611
0.7945 0.3405 1.589
0.82061 0.33879 1.581
0.83943 0.33429 1.56
0.87304 0.33579 1.567
-1.1879 0.49659 2.297
-1.1217 0.48686 2.252
-1.0788 0.48686 2.252
-1.029 0.48362 2.237
-0.97362 0.47735 2.208
-0.91427 0.46848 2.167
-0.87863 0.47151 2.181
-0.82634 0.46546 2.153
-0.78059 0.46265 2.14
-0.73533 0.45984 2.127
-0.69482 0.45984 2.127
-0.63862 0.44881 2.076
-0.59532 0.446 2.063
-0.55603 0.446 2.063
-0.51673 0.446 2.063
-0.46911 0.43822 2.027
-0.42795 0.43562 2.015
-0.38725 0.43303 2.003
-0.34509 0.42806 1.98
-0.30566 0.42568 1.969
-0.26666 0.4233 1.958
-0.22937 0.4233 1.958
-0.18991 0.41854 1.936
-0.15304 0.41854 1.936
-0.11424 0.41163 1.904
-0.077564 0.40946 1.894
-0.041488 0.40946 1.894
-0.00538 0.40709 1.883
0.030325 0.40492 1.873
0.065649 0.40276 1.863
0.10059 0.4006 1.853
0.13442 0.39628 1.833
0.1685 0.39433 1.824
0.20213 0.39217 1.814
0.2342 0.38806 1.795
0.2657 0.38417 1.777
0.29955 0.38417 1.777
0.32664 0.37639 1.741
0.36167 0.37833 1.75
0.39094 0.37444 1.732
0.42172 0.3725 1.723
0.45006 0.36882 1.706
0.47803 0.36536 1.69
0.5075 0.36342 1.681
0.53439 0.35996 1.665
0.5661 0.35996 1.665
0.5892 0.35477 1.641
0.61478 0.35153 1.626
0.64893 0.35326 1.634
0.67673 0.35153 1.626
0.70117 0.34828 1.611
0.73185 0.34828 1.611
0.75544 0.34504 1.596
0.77501 0.34028 1.574
0.80857 0.3418 1.581
0.82012 0.33423 1.546
0.85726 0.33726 1.56
-1.2054 0.50096 2.297
-1.1459 0.4942 2.266
-1.0887 0.48788 2.237
-1.0395 0.48483 2.223
-0.99045 0.48155 2.208
-0.93078 0.47261 2.167
-0.8895 0.47261 2.167
-0.83766 0.46672 2.14
-0.80174 0.46956 2.153
-0.75154 0.46389 2.127
-0.71103 0.46389 2.127
-0.65443 0.45277 2.076
-0.61104 0.44993 2.063
-0.57175 0.44993 2.063
-0.52935 0.44731 2.051
-0.48455 0.44208 2.027
-0.4433 0.43946 2.015
-0.4003 0.43445 1.992
-0.36017 0.43183 1.98
-0.32246 0.43183 1.98
-0.27842 0.42223 1.936
-0.24154 0.42223 1.936
-0.20466 0.42223 1.936
-0.16683 0.41983 1.925
-0.12807 0.41307 1.894
-0.091994 0.41307 1.894
-0.055298 0.40849 1.873
-0.019622 0.40849 1.873
0.015969 0.40631 1.863
0.051454 0.40631 1.863
0.086473 0.40413 1.853
0.12111 0.40195 1.843
0.15461 0.39781 1.824
0.18634 0.39148 1.795
0.22053 0.39148 1.795
0.25216 0.38756 1.777
0.28456 0.38559 1.768
0.315 0.38167 1.75
0.34475 0.37774 1.732
0.37578 0.37578 1.723
0.4086 0.37578 1.723
0.43501 0.37033 1.698
0.46047 0.36487 1.673
0.49234 0.36487 1.673
0.52421 0.36487 1.673
0.55076 0.36138 1.657
0.57669 0.35789 1.641
0.59684 0.35135 1.611
0.63025 0.35288 1.618
0.66434 0.35462 1.626
0.69189 0.35288 1.618
0.71288 0.34808 1.596
0.73629 0.34481 1.581
0.75962 0.34176 1.567
0.78947 0.34176 1.567
0.81566 0.34023 1.56
0.83399 0.33565 1.539
-1.2185 0.50534 2.297
-1.1589 0.49852 2.266
-1.0946 0.48906 2.223
-1.0451 0.48576 2.208
-1.0031 0.48576 2.208
-0.93707 0.47366 2.153
-0.89606 0.47366 2.153
-0.84472 0.46794 2.127
-0.79929 0.46508 2.114
-0.75903 0.46508 2.114
-0.71434 0.46222 2.101
-0.6663 0.45672 2.076
-0.61558 0.44858 2.039
-0.57335 0.44594 2.027
-0.53474 0.44594 2.027
-0.49613 0.44594 2.027
-0.44962 0.43824 1.992
-0.4092 0.4356 1.98
-0.37149 0.4356 1.98
-0.32821 0.42834 1.947
-0.28783 0.4235 1.925
-0.2526 0.42592 1.936
-0.2145 0.4235 1.925
-0.17691 0.4213 1.915
-0.13809 0.41426 1.883
-0.10222 0.41426 1.883
-0.065649 0.40986 1.863
-0.030163 0.40986 1.863
0.0053514 0.41206 1.873
0.04059 0.40766 1.853
0.075475 0.40546 1.843
0.10998 0.40326 1.833
0.14339 0.39908 1.814
0.1752 0.39292 1.786
0.20922 0.39292 1.786
0.24078 0.38896 1.768
0.27306 0.38698 1.759
0.30657 0.38698 1.759
0.33157 0.3773 1.715
0.36423 0.3773 1.715
0.39482 0.37532 1.706
0.4233 0.3718 1.69
0.45091 0.36806 1.673
0.48047 0.3663 1.665
0.50972 0.36454 1.657
0.53867 0.36278 1.649
0.56213 0.35772 1.626
0.58763 0.35442 1.611
0.61832 0.35442 1.611
0.649 0.35442 1.611
0.67336 0.35112 1.596
0.69715 0.34782 1.581
0.72726 0.34782 1.581
0.75067 0.34474 1.567
0.77703 0.3432 1.56
0.80674 0.3432 1.56
0.81769 0.3355 1.525
0.85062 0.33704 1.532
-1.215 0.50284 2.266
-1.1646 0.49973 2.252
-1.1073 0.49329 2.223
-1.0577 0.48997 2.208
-1.0033 0.48397 2.181
-0.94364 0.47488 2.14
-0.90288 0.47488 2.14
-0.85164 0.46911 2.114
-0.80139 0.46334 2.088
-0.76636 0.46622 2.101
-0.7177 0.46067 2.076
-0.66607 0.45246 2.039
-0.62354 0.4498 2.027
-0.58493 0.4498 2.027
-0.54632 0.4498 2.027
-0.50471 0.44714 2.015
-0.46355 0.44448 2.003
-0.41818 0.43693 1.969
-0.38067 0.43693 1.969
-0.33742 0.42961 1.936
-0.30225 0.43205 1.947
-0.2608 0.42495 1.915
-0.22433 0.42495 1.915
-0.18677 0.42251 1.904
-0.14727 0.41341 1.863
-0.11238 0.41563 1.873
-0.076704 0.41563 1.873
-0.04037 0.40897 1.843
-0.0053229 0.41341 1.863
0.029677 0.40675 1.833
0.064591 0.40675 1.833
0.098474 0.40254 1.814
0.13229 0.40032 1.804
0.16499 0.39632 1.786
0.19701 0.39233 1.768
0.22951 0.39033 1.759
0.26301 0.39033 1.759
0.29348 0.38634 1.741
0.32177 0.38057 1.715
0.35609 0.38234 1.723
0.38326 0.37679 1.698
0.41144 0.37302 1.681
0.43924 0.36947 1.665
0.46643 0.36592 1.649
0.49784 0.36592 1.649
0.52444 0.36259 1.634
0.55012 0.35904 1.618
0.57555 0.35571 1.603
0.60609 0.35571 1.603
0.63662 0.35571 1.603
0.66133 0.35261 1.589
0.68811 0.35083 1.581
0.71187 0.34772 1.567
0.74171 0.34772 1.567
0.76467 0.34462 1.553
0.79425 0.34462 1.553
0.8164 0.34151 1.539
0.83473 0.33707 1.519
-1.2204 0.50402 2.252
-1.1775 0.50402 2.252
-1.127 0.50066 2.237
-1.0704 0.49417 2.208
-1.0157 0.48813 2.181
-0.95587 0.47895 2.14
-0.90399 0.47313 2.114
-0.86372 0.47313 2.114
-0.81333 0.46731 2.088
-0.77837 0.47022 2.101
-0.72957 0.46463 2.076
-0.68171 0.45903 2.051
-0.63513 0.45366 2.027
-0.58622 0.44583 1.992
-0.5513 0.44829 2.003
-0.51315 0.44829 2.003
-0.46693 0.44068 1.969
-0.42463 0.43576 1.947
-0.38755 0.43576 1.947
-0.35046 0.43576 1.947
-0.30983 0.43083 1.925
-0.26877 0.4239 1.894
-0.23527 0.4286 1.915
-0.19547 0.42143 1.883
-0.15876 0.4192 1.873
-0.12177 0.41472 1.853
-0.08694 0.41696 1.863
-0.050902 0.41248 1.843
-0.015797 0.41248 1.843
0.019109 0.40823 1.824
0.052995 0.40174 1.795
0.087623 0.40375 1.804
0.12077 0.39972 1.786
0.15401 0.39771 1.777
0.18595 0.39368 1.759
0.21946 0.39368 1.759
0.25037 0.38965 1.741
0.28353 0.38965 1.741
0.31197 0.38383 1.715
0.3378 0.37622 1.681
0.3718 0.37824 1.69
0.39801 0.37264 1.665
0.42766 0.37085 1.657
0.45701 0.36906 1.649
0.48398 0.3657 1.634
0.5151 0.3657 1.634
0.54355 0.36391 1.626
0.56639 0.35877 1.603
0.59432 0.3572 1.596
0.62198 0.35563 1.589
0.64896 0.35384 1.581
0.67607 0.35228 1.574
0.69349 0.34601 1.546
0.72621 0.34758 1.553
0.75579 0.34758 1.553
0.78183 0.34601 1.546
0.80761 0.34444 1.539
0.82605 0.33997 1.519
-1.2332 0.50831 2.252
-1.1903 0.50831 2.252
-1.1398 0.50492 2.237
-1.0697 0.49228 2.181
-1.0216 0.48912 2.167
-0.96221 0.48009 2.127
-0.91607 0.47716 2.114
-0.8758 0.47716 2.114
-0.82526 0.47129 2.088
-0.78549 0.47129 2.088
-0.73679 0.46565 2.063
-0.69343 0.46294 2.051
-0.64288 0.45481 2.015
-0.6009 0.45211 2.003
-0.55966 0.44962 1.992
-0.5246 0.45211 2.003
-0.47551 0.44195 1.958
-0.43576 0.43947 1.947
-0.40092 0.44195 1.958
-0.35954 0.43698 1.936
-0.31733 0.42976 1.904
-0.27959 0.4275 1.894
-0.24351 0.4275 1.894
-0.20404 0.42051 1.863
-0.16946 0.42276 1.873
-0.13164 0.41599 1.843
-0.097062 0.41825 1.853
-0.061433 0.41599 1.843
-0.026186 0.41373 1.833
0.0085905 0.40719 1.804
0.042524 0.40313 1.786
0.076929 0.40516 1.795
0.11 0.40109 1.777
0.14312 0.39906 1.768
0.175 0.395 1.75
0.20833 0.395 1.75
0.23918 0.39094 1.732
0.27217 0.39094 1.732
0.30358 0.38891 1.723
0.3282 0.37943 1.681
0.36021 0.37943 1.681
0.38663 0.37401 1.657
0.41618 0.3722 1.649
0.45193 0.37581 1.665
0.47231 0.36701 1.626
0.50329 0.36701 1.626
0.53163 0.36521 1.618
0.55723 0.36182 1.603
0.5852 0.36024 1.596
0.60441 0.35369 1.567
0.6371 0.35527 1.574
0.66708 0.35527 1.574
0.69086 0.35211 1.56
0.7141 0.34895 1.546
0.74692 0.35053 1.553
0.7695 0.34737 1.539
0.79518 0.34579 1.532
0.8136 0.34128 1.512
-1.192 0.506 2.223
-1.1346 0.4994 2.194
-1.0863 0.49644 2.181
-1.051 0.4994 2.194
-0.96646 0.47823 2.101
-0.92644 0.47823 2.101
-0.89191 0.48119 2.114
-0.83633 0.47254 2.076
-0.7918 0.46958 2.063
-0.74813 0.46685 2.051
-0.70906 0.46685 2.051
-0.65823 0.45865 2.015
-0.61616 0.45592 2.003
-0.57137 0.45069 1.98
-0.53366 0.45069 1.98
-0.49043 0.44568 1.958
-0.45059 0.44317 1.947
-0.41117 0.44067 1.936
-0.37023 0.43589 1.915
-0.33376 0.43589 1.915
-0.29076 0.42633 1.873
-0.25508 0.42633 1.873
-0.21707 0.42178 1.853
-0.18275 0.42405 1.863
-0.14568 0.4195 1.843
-0.10998 0.41723 1.833
-0.075066 0.41723 1.833
-0.039735 0.4129 1.814
-0.0051543 0.41062 1.804
0.02877 0.40448 1.777
0.062301 0.40243 1.768
0.096466 0.40448 1.777
0.12965 0.40243 1.768
0.16084 0.39628 1.741
0.194 0.39628 1.741
0.22598 0.39424 1.732
0.25763 0.39219 1.723
0.28489 0.38468 1.69
0.31539 0.38263 1.681
0.34245 0.37716 1.657
0.37581 0.37899 1.665
0.40165 0.37352 1.641
0.43502 0.37534 1.649
0.45993 0.37011 1.626
0.48848 0.36829 1.618
0.51705 0.36669 1.611
0.54264 0.36328 1.596
0.56514 0.35827 1.574
0.59512 0.35827 1.574
0.62232 0.35668 1.567
0.65508 0.35827 1.574
0.67897 0.35509 1.56
0.70233 0.3519 1.546
0.73177 0.3519 1.546
0.76122 0.3519 1.546
0.78709 0.35031 1.539
0.80208 0.34416 1.512
0.82758 0.34279 1.506
-1.2007 0.50679 2.208
-1.1665 0.51023 2.223
-1.1166 0.50679 2.208
-1.0351 0.4882 2.127
-0.99463 0.4882 2.127
-0.93662 0.47925 2.088
-0.89169 0.47649 2.076
-0.85215 0.47649 2.076
-0.80752 0.47351 2.063
-0.76375 0.47075 2.051
-0.71621 0.46524 2.027
-0.67359 0.46249 2.015
-0.6207 0.45193 1.969
-0.58646 0.45446 1.98
-0.54569 0.45193 1.969
-0.49683 0.44183 1.925
-0.46017 0.44183 1.925
-0.4235 0.44183 1.925
-0.38261 0.43701 1.904
-0.34835 0.43954 1.915
-0.30666 0.43219 1.883
-0.26792 0.4276 1.863
-0.22994 0.42301 1.843
-0.19483 0.42301 1.843
-0.15808 0.41865 1.824
-0.12334 0.41865 1.824
-0.088109 0.41636 1.814
-0.053556 0.41636 1.814
-0.018805 0.412 1.795
0.015231 0.40786 1.777
0.048582 0.40373 1.759
0.081667 0.40167 1.75
0.115 0.40167 1.75
0.14681 0.39754 1.732
0.17886 0.39547 1.723
0.21279 0.39754 1.732
0.24337 0.39363 1.715
0.27201 0.3879 1.69
0.30258 0.38583 1.681
0.32982 0.38032 1.657
0.36138 0.38032 1.657
0.38915 0.37665 1.641
0.41657 0.37321 1.626
0.44534 0.37137 1.618
0.47174 0.36793 1.603
0.50227 0.36793 1.603
0.53048 0.36632 1.596
0.55842 0.36471 1.589
0.58313 0.36127 1.574
0.60493 0.35645 1.553
0.63737 0.35806 1.56
0.66709 0.35806 1.56
0.69055 0.35484 1.546
0.71999 0.35484 1.546
0.74605 0.35324 1.539
0.76831 0.35002 1.525
0.79056 0.34704 1.512
-1.2098 0.50775 2.194
-1.168 0.50775 2.194
-1.0985 0.49526 2.14
-1.0513 0.49225 2.127
-0.99848 0.48623 2.101
-0.94705 0.48045 2.076
-0.90751 0.48045 2.076
-0.86253 0.47744 2.063
-0.81845 0.47466 2.051
-0.77026 0.46911 2.027
-0.72732 0.46633 2.015
-0.68894 0.46633 2.015
-0.63926 0.45823 1.98
-0.5982 0.45568 1.969
-0.54817 0.4455 1.925
-0.5115 0.4455 1.925
-0.47237 0.44319 1.915
-0.43817 0.4455 1.925
-0.39503 0.43833 1.894
-0.35687 0.43578 1.883
-0.32288 0.43833 1.894
-0.27908 0.42652 1.843
-0.24398 0.42652 1.843
-0.20774 0.42421 1.833
-0.17009 0.4175 1.804
-0.13723 0.42213 1.824
-0.10137 0.4175 1.804
-0.067006 0.4175 1.804
-0.032481 0.41541 1.795
0.0016838 0.40917 1.768
0.03518 0.40708 1.759
0.067982 0.40292 1.741
0.10062 0.40083 1.732
0.13361 0.40083 1.732
0.16497 0.3969 1.715
0.19856 0.39875 1.723
0.22802 0.39297 1.698
0.25775 0.38903 1.681
0.28839 0.38718 1.673
0.31567 0.38163 1.649
0.34708 0.38163 1.649
0.37665 0.37977 1.641
0.40219 0.37445 1.618
0.43515 0.3763 1.626
0.46182 0.37283 1.611
0.48792 0.36936 1.596
0.51118 0.36427 1.574
0.54356 0.36589 1.581
0.56606 0.36103 1.56
0.5931 0.35941 1.553
0.62268 0.35941 1.553
0.65226 0.35941 1.553
0.67877 0.35779 1.546
0.6986 0.35293 1.525
0.73098 0.35455 1.532
0.75371 0.35154 1.519
0.78265 0.35154 1.519
-1.1626 0.50237 2.153
-1.1148 0.49933 2.14
-1.061 0.49327 2.114
-1.0024 0.4844 2.076
-0.96287 0.4844 2.076
-0.91754 0.48137 2.063
-0.86803 0.47577 2.039
-0.82431 0.47297 2.027
-0.78105 0.47017 2.015
-0.74267 0.47017 2.015
-0.69625 0.4648 1.992
-0.65434 0.462 1.98
-0.60635 0.4543 1.947
-0.56605 0.45173 1.936
-0.52917 0.45173 1.936
-0.48162 0.44193 1.894
-0.44789 0.44427 1.904
-0.40946 0.44193 1.894
-0.37122 0.43937 1.883
-0.33535 0.43937 1.883
-0.29312 0.43003 1.843
-0.25662 0.4277 1.833
-0.22062 0.4256 1.824
-0.18384 0.42093 1.804
-0.14947 0.42093 1.804
-0.11511 0.42093 1.804
-0.079945 0.41673 1.786
-0.045926 0.41673 1.786
-0.011727 0.41043 1.759
0.021778 0.41043 1.759
0.054434 0.40413 1.732
0.08697 0.40203 1.723
0.11979 0.40203 1.723
0.1519 0.40017 1.715
0.18457 0.40017 1.715
0.21407 0.39433 1.69
0.24495 0.39223 1.681
0.27433 0.3885 1.665
0.30163 0.3829 1.641
0.33289 0.3829 1.641
0.36415 0.3829 1.641
0.39179 0.3794 1.626
0.41678 0.37403 1.603
0.44955 0.3759 1.611
0.47367 0.37077 1.589
0.49696 0.36563 1.567
0.52681 0.36563 1.567
0.55417 0.364 1.56
0.58127 0.36237 1.553
0.60534 0.3591 1.539
0.63177 0.35747 1.532
0.66397 0.3591 1.539
0.68698 0.35583 1.525
0.71931 0.35747 1.532
0.74214 0.35443 1.519
0.76447 0.3514 1.506
-1.179 0.50647 2.153
-1.1311 0.50341 2.14
-1.0705 0.49424 2.101
-1.0119 0.4853 2.063
-0.97869 0.48835 2.076
-0.93326 0.4853 2.063
-0.87837 0.47683 2.027
-0.83976 0.47683 2.027
-0.79166 0.47118 2.003
-0.74937 0.46859 1.992
-0.70714 0.46577 1.98
-0.66571 0.46318 1.969
-0.61768 0.45542 1.936
-0.5775 0.45283 1.925
-0.53493 0.44789 1.904
-0.49605 0.44554 1.894
-0.45997 0.44554 1.894
-0.42143 0.44295 1.883
-0.38147 0.43825 1.863
-0.34413 0.4359 1.853
-0.30717 0.43354 1.843
-0.27059 0.43119 1.833
-0.23323 0.42672 1.814
-0.19758 0.42437 1.804
-0.1624 0.42225 1.795
-0.12821 0.42225 1.795
-0.093081 0.41802 1.777
-0.059233 0.41802 1.777
-0.025129 0.41378 1.759
0.0083762 0.41378 1.759
0.041024 0.40532 1.723
0.073843 0.40532 1.723
0.10617 0.40343 1.715
0.13883 0.40343 1.715
0.169 0.39755 1.69
0.20012 0.39544 1.681
0.23103 0.39355 1.673
0.26039 0.38979 1.657
0.29054 0.38791 1.649
0.31746 0.3825 1.626
0.35014 0.38438 1.634
0.38127 0.38438 1.634
0.4028 0.37544 1.596
0.4351 0.37709 1.603
0.45924 0.37191 1.581
0.48286 0.36697 1.56
0.51487 0.36862 1.567
0.54229 0.36697 1.56
0.5643 0.36203 1.539
0.59091 0.36038 1.532
0.62293 0.36203 1.539
0.64377 0.35733 1.519
0.6727 0.35733 1.519
0.70163 0.35733 1.519
0.72431 0.35427 1.506
-1.1335 0.50132 2.114
-1.0865 0.49824 2.101
-1.0276 0.48923 2.063
-0.97678 0.48353 2.039
-0.94346 0.48638 2.051
-0.89381 0.48069 2.027
-0.84043 0.47239 1.992
-0.80249 0.47239 1.992
-0.75994 0.46954 1.98
-0.7142 0.46433 1.958
-0.67691 0.46433 1.958
-0.63243 0.45911 1.936
-0.58571 0.45152 1.904
-0.54944 0.45152 1.904
-0.50751 0.44654 1.883
-0.4744 0.44915 1.894
-0.43347 0.44417 1.873
-0.39354 0.43943 1.853
-0.35825 0.43943 1.853
-0.32121 0.43705 1.843
-0.2816 0.43018 1.814
-0.24569 0.42781 1.804
-0.21133 0.42781 1.804
-0.1752 0.42354 1.786
-0.14047 0.4214 1.777
-0.10608 0.41927 1.768
-0.072035 0.41713 1.759
-0.038136 0.41287 1.741
-0.0049486 0.41073 1.732
0.027896 0.4086 1.723
0.060715 0.4086 1.723
0.092177 0.40267 1.698
0.12452 0.40267 1.698
0.15612 0.40077 1.69
0.18731 0.39864 1.681
0.2162 0.39295 1.657
0.24776 0.39295 1.657
0.27797 0.39105 1.649
0.30357 0.3837 1.618
0.33604 0.38559 1.626
0.36521 0.3837 1.618
0.39235 0.38014 1.603
0.41919 0.37682 1.589
0.4472 0.37492 1.581
0.47097 0.36994 1.56
0.49844 0.36828 1.553
0.52802 0.36828 1.553
0.55509 0.36662 1.546
0.58189 0.36496 1.539
0.6112 0.36496 1.539
0.63219 0.36022 1.519
0.65808 0.35856 1.512
0.68415 0.35714 1.506
0.71284 0.35714 1.506
-1.1567 0.50845 2.127
-1.0957 0.49913 2.088
-1.0499 0.49626 2.076
-0.99231 0.48742 2.039
-0.94786 0.48455 2.027
-0.90925 0.48455 2.027
-0.85561 0.47618 1.992
-0.81274 0.47331 1.98
-0.77072 0.47068 1.969
-0.72503 0.46543 1.947
-0.68405 0.4628 1.936
-0.6435 0.46017 1.925
-0.60368 0.45778 1.915
-0.56395 0.45515 1.904
-0.52186 0.45013 1.883
-0.48599 0.45013 1.883
-0.44774 0.44774 1.873
-0.40986 0.44535 1.863
-0.37036 0.44056 1.843
-0.33179 0.43602 1.824
-0.29542 0.43363 1.814
-0.25814 0.42909 1.795
-0.22395 0.42909 1.795
-0.18976 0.42909 1.795
-0.15401 0.42479 1.777
-0.11894 0.42048 1.759
-0.085874 0.42264 1.768
-0.051401 0.41618 1.741
-0.018145 0.41403 1.732
0.014923 0.41618 1.741
0.047118 0.40782 1.706
0.07924 0.4059 1.698
0.10941 0.39801 1.665
0.14248 0.40184 1.681
0.1745 0.40184 1.681
0.20357 0.3961 1.657
0.23514 0.3961 1.657
0.26412 0.39228 1.641
0.29412 0.3906 1.634
0.32206 0.38678 1.618
0.34961 0.38319 1.603
0.37848 0.38152 1.596
0.40504 0.37793 1.581
0.43322 0.37626 1.574
0.46115 0.37459 1.567
0.48661 0.37124 1.553
0.51386 0.36957 1.546
0.54331 0.36957 1.546
0.56498 0.36455 1.525
0.59169 0.36311 1.519
0.62062 0.36311 1.519
0.64656 0.36144 1.512
-1.1729 0.51251 2.127
-1.1052 0.50022 2.076
-1.0718 0.50311 2.088
-1.0078 0.4913 2.039
-0.96901 0.4913 2.039
-0.90326 0.47709 1.98
-0.86554 0.47709 1.98
-0.82783 0.47709 1.98
-0.79011 0.47709 1.98
-0.73986 0.46913 1.947
-0.69483 0.46383 1.925
-0.66193 0.46648 1.936
-0.61149 0.45636 1.894
-0.57845 0.45877 1.904
-0.53621 0.45371 1.883
-0.49503 0.44889 1.863
-0.45954 0.44889 1.863
-0.42178 0.44648 1.853
-0.38231 0.44167 1.833
-0.34569 0.4395 1.824
-0.30754 0.43468 1.804
-0.27181 0.43251 1.795
-0.23643 0.43034 1.786
-0.20139 0.42817 1.777
-0.1667 0.426 1.768
-0.13234 0.42384 1.759
-0.098333 0.42167 1.75
-0.064331 0.41733 1.732
-0.031341 0.41733 1.732
0.0016333 0.41323 1.715
0.03412 0.41106 1.706
0.06599 0.40721 1.69
0.097193 0.40311 1.673
0.12906 0.40311 1.673
0.16016 0.40119 1.665
0.19095 0.39926 1.657
0.22144 0.39733 1.649
0.25162 0.3954 1.641
0.27891 0.38986 1.618
0.30686 0.38625 1.603
0.33739 0.38625 1.603
0.36288 0.38095 1.581
0.39299 0.38095 1.581
0.42123 0.37926 1.574
0.4472 0.37589 1.56
0.47477 0.3742 1.553
0.49981 0.37083 1.539
0.52672 0.36914 1.532
0.55118 0.36601 1.519
0.58011 0.36601 1.519
0.60383 0.36287 1.506
0.63252 0.36287 1.506
-1.121 0.50417 2.076
-1.0877 0.50709 2.088
-1.0234 0.49519 2.039
-0.97296 0.48936 2.015
-0.92391 0.48377 1.992
-0.87574 0.47819 1.969
-0.83823 0.47819 1.969
-0.80073 0.47819 1.969
-0.75469 0.47284 1.947
-0.7095 0.4675 1.925
-0.67668 0.47017 1.936
-0.62229 0.4573 1.883
-0.58642 0.4573 1.883
-0.55055 0.4573 1.883
-0.50649 0.45001 1.853
-0.47119 0.45001 1.853
-0.43354 0.44759 1.843
-0.39433 0.44297 1.824
-0.35762 0.44054 1.814
-0.32128 0.43811 1.804
-0.28406 0.43374 1.786
-0.24878 0.43156 1.777
-0.21384 0.42937 1.768
-0.17925 0.42719 1.759
-0.145 0.425 1.75
-0.11052 0.42063 1.732
-0.07793 0.42281 1.741
-0.044306 0.41844 1.723
-0.011373 0.41431 1.706
0.021233 0.4165 1.715
0.053114 0.41043 1.69
0.084447 0.4063 1.673
0.1152 0.40241 1.657
0.14676 0.40241 1.657
0.17585 0.39683 1.634
0.20786 0.39853 1.641
0.23912 0.39853 1.641
0.26543 0.39124 1.611
0.29465 0.3893 1.603
0.32234 0.3859 1.589
0.34617 0.37886 1.56
0.37757 0.38056 1.567
0.40924 0.38226 1.574
0.43336 0.37716 1.553
0.46086 0.37546 1.546
0.48808 0.37376 1.539
0.51504 0.37206 1.532
0.53961 0.3689 1.519
0.56367 0.36574 1.506
-1.1369 0.50813 2.076
-1.0841 0.50201 2.051
-1.045 0.50201 2.051
-0.97703 0.48757 1.992
-0.93343 0.48463 1.98
-0.87581 0.47386 1.936
-0.84847 0.47924 1.958
-0.80661 0.47655 1.947
-0.76953 0.47655 1.947
-0.7204 0.46872 1.915
-0.68393 0.46872 1.915
-0.64035 0.46358 1.894
-0.59758 0.45844 1.873
-0.5589 0.45599 1.863
-0.52341 0.45599 1.863
-0.48269 0.4511 1.843
-0.44516 0.44865 1.833
-0.40823 0.44645 1.824
-0.36939 0.44155 1.804
-0.33336 0.43935 1.795
-0.29917 0.43935 1.795
-0.26099 0.43274 1.768
-0.22731 0.43274 1.768
-0.18871 0.42172 1.723
-0.15752 0.42613 1.741
-0.12371 0.42393 1.732
-0.090252 0.42172 1.723
-0.056867 0.41756 1.706
-0.024257 0.41561 1.698
0.0080857 0.41561 1.698
0.039643 0.40753 1.665
0.071014 0.40557 1.657
0.10159 0.40165 1.641
0.13349 0.40361 1.649
0.1649 0.40361 1.649
0.19452 0.39994 1.634
0.22661 0.40165 1.641
0.25316 0.39431 1.611
0.28243 0.39235 1.603
0.30867 0.38697 1.581
0.33429 0.38183 1.56
0.364 0.38183 1.56
0.39371 0.38183 1.56
0.42153 0.38012 1.553
0.44501 0.37498 1.532
0.47636 0.37669 1.539
0.50107 0.37326 1.525
0.52803 0.37179 1.519
-1.0933 0.50295 2.039
-1.0482 0.49999 2.027
-1.0037 0.49703 2.015
-0.93798 0.48297 1.958
-0.89056 0.47755 1.936
-0.85853 0.48026 1.947
-0.81681 0.47755 1.936
-0.77147 0.47237 1.915
-0.735 0.47237 1.915
-0.69451 0.46965 1.904
-0.65478 0.46719 1.894
-0.60858 0.45954 1.863
-0.57002 0.45707 1.853
-0.53472 0.45707 1.853
-0.49673 0.45461 1.843
-0.45687 0.44992 1.824
-0.4175 0.44499 1.804
-0.38314 0.44499 1.804
-0.34529 0.44055 1.786
-0.30971 0.43833 1.777
-0.27306 0.43389 1.759
-0.23833 0.43167 1.75
-0.20289 0.42723 1.732
-0.1699 0.42723 1.732
-0.13691 0.42723 1.732
-0.1029 0.42303 1.715
-0.070233 0.42303 1.715
-0.03737 0.42081 1.706
-0.0048286 0.41687 1.69
0.026828 0.40873 1.657
0.05839 0.40873 1.657
0.089083 0.40478 1.641
0.12093 0.40675 1.649
0.1516 0.40478 1.641
0.18118 0.40108 1.626
0.21215 0.40108 1.626
0.23969 0.39541 1.603
0.26904 0.39368 1.596
0.29663 0.38998 1.581
0.3224 0.3848 1.56
0.35053 0.38307 1.553
0.3784 0.38135 1.546
0.40785 0.38135 1.546
0.43334 0.37789 1.532
0.4604 0.37617 1.525
0.48945 0.37617 1.525
0.51204 0.37148 1.506
-1.0958 0.50087 2.015
-1.0574 0.50087 2.015
-1.019 0.50087 2.015
-0.95825 0.48944 1.969
-0.90017 0.4785 1.925
-0.8635 0.4785 1.925
-0.82683 0.4785 1.925
-0.78155 0.47328 1.904
-0.74959 0.47601 1.915
-0.70119 0.46806 1.883
-0.66179 0.46557 1.873
-0.62277 0.46309 1.863
-0.58098 0.45812 1.843
-0.54292 0.45563 1.833
-0.508 0.45563 1.833
-0.4656 0.44842 1.804
-0.43124 0.44842 1.804
-0.39292 0.44395 1.786
-0.35709 0.44171 1.777
-0.31997 0.43724 1.759
-0.28793 0.43947 1.768
-0.25037 0.43276 1.741
-0.21609 0.43053 1.732
-0.18035 0.42406 1.706
-0.14933 0.42829 1.723
-0.11536 0.42406 1.706
-0.082086 0.42009 1.69
-0.049895 0.42009 1.69
-0.017443 0.41387 1.665
0.014203 0.41188 1.657
0.045544 0.40989 1.649
0.076953 0.40989 1.649
0.10685 0.40418 1.626
0.1385 0.40617 1.634
0.16879 0.40418 1.626
0.19792 0.40045 1.611
0.22747 0.39846 1.603
0.25575 0.39498 1.589
0.28602 0.39498 1.589
0.31051 0.38777 1.56
0.33718 0.38429 1.546
0.36662 0.38429 1.546
0.39069 0.37907 1.525
0.42166 0.38081 1.532
0.44496 0.37584 1.512
0.47595 0.37758 1.519
0.50256 0.37584 1.512
-1.1045 0.5017 2.003
-1.0605 0.49895 1.992
-1.0164 0.49594 1.98
-0.97325 0.49319 1.969
-0.91483 0.48217 1.925
-0.8736 0.47966 1.915
-0.83713 0.47966 1.915
-0.79605 0.47691 1.904
-0.75141 0.47165 1.883
-0.71554 0.47165 1.883
-0.67606 0.46914 1.873
-0.63697 0.46664 1.863
-0.59825 0.46413 1.853
-0.55415 0.45687 1.824
-0.51656 0.45436 1.814
-0.47935 0.45186 1.804
-0.44277 0.4496 1.795
-0.40243 0.44284 1.768
-0.37063 0.4451 1.777
-0.33508 0.44284 1.768
-0.29987 0.44059 1.759
-0.26227 0.43382 1.732
-0.22809 0.43157 1.723
-0.19244 0.42531 1.698
-0.1601 0.42531 1.698
-0.12775 0.42531 1.698
-0.094962 0.4233 1.69
-0.062437 0.42105 1.681
-0.030129 0.41704 1.665
0.0015857 0.41704 1.665
0.03298 0.41304 1.649
0.064077 0.41103 1.641
0.094463 0.40727 1.626
0.12482 0.40527 1.618
0.15564 0.40527 1.618
0.18565 0.40352 1.611
0.21338 0.39801 1.589
0.24365 0.39801 1.589
0.27133 0.39425 1.574
0.29729 0.38899 1.553
0.3254 0.38724 1.546
0.35324 0.38548 1.539
0.37907 0.38198 1.525
0.40812 0.38198 1.525
0.43344 0.37872 1.512
0.46224 0.37872 1.512
0.48909 0.37722 1.506
-1.0692 0.49971 1.98
-1.0315 0.49971 1.98
-0.97721 0.49139 1.947
-0.9295 0.48583 1.925
-0.8882 0.48331 1.915
-0.84238 0.47801 1.894
-0.80162 0.47523 1.883
-0.76169 0.47271 1.873
-0.72601 0.47271 1.873
-0.69033 0.47271 1.873
-0.63753 0.46034 1.824
-0.61237 0.46766 1.853
-0.56805 0.46034 1.824
-0.52746 0.4553 1.804
-0.49309 0.4553 1.804
-0.45415 0.45075 1.786
-0.41802 0.44848 1.777
-0.38417 0.44848 1.777
-0.34855 0.44621 1.768
-0.31006 0.4394 1.741
-0.27404 0.43485 1.723
-0.2401 0.43283 1.715
-0.20743 0.43283 1.715
-0.17303 0.42854 1.698
-0.14069 0.42854 1.698
-0.10784 0.42652 1.69
-0.074529 0.42021 1.665
-0.042609 0.4182 1.657
-0.011047 0.4182 1.657
0.020416 0.41618 1.649
0.051103 0.41037 1.626
0.08167 0.40835 1.618
0.11249 0.40835 1.618
0.14198 0.40457 1.603
0.17337 0.40659 1.611
0.20026 0.39901 1.581
0.23037 0.39901 1.581
0.25818 0.39548 1.567
0.28546 0.39195 1.553
0.3122 0.38841 1.539
0.33996 0.38665 1.532
0.36745 0.38488 1.525
0.39494 0.38337 1.519
0.42025 0.38009 1.506
0.44893 0.38009 1.506
-1.0783 0.50069 1.969
-1.0408 0.50069 1.969
-0.99765 0.49789 1.958
-0.93926 0.48696 1.915
-0.8976 0.48416 1.904
-0.85183 0.47882 1.883
-0.81163 0.47628 1.873
-0.7801 0.47882 1.883
-0.73238 0.47119 1.853
-0.69708 0.47119 1.853
-0.65143 0.46382 1.824
-0.62311 0.46865 1.843
-0.57875 0.46127 1.814
-0.5385 0.45644 1.795
-0.49925 0.45187 1.777
-0.46776 0.45415 1.786
-0.43156 0.45187 1.777
-0.3957 0.44958 1.768
-0.36202 0.44958 1.768
-0.325 0.445 1.75
-0.28717 0.43813 1.723
-0.25066 0.43178 1.698
-0.21934 0.43381 1.706
-0.1851 0.42974 1.69
-0.15209 0.42745 1.681
-0.12007 0.42745 1.681
-0.087214 0.42339 1.665
-0.0555 0.42339 1.665
-0.023443 0.41728 1.641
0.007781 0.4155 1.634
0.038905 0.4155 1.634
0.069343 0.41143 1.618
0.10016 0.41143 1.618
0.12977 0.40762 1.603
0.1596 0.40584 1.596
0.18821 0.40203 1.581
0.21736 0.40025 1.574
0.24624 0.39847 1.567
0.27486 0.39669 1.56
0.2991 0.38957 1.532
0.32679 0.38779 1.525
0.35583 0.38779 1.525
0.38009 0.38295 1.506
-1.0558 0.50444 1.969
-1.0126 0.50162 1.958
-0.95385 0.4906 1.915
-0.91211 0.48779 1.904
-0.86618 0.48241 1.883
-0.81708 0.47472 1.853
-0.78179 0.47472 1.853
-0.74247 0.47216 1.843
-0.70007 0.46729 1.824
-0.66861 0.4696 1.833
-0.62713 0.46473 1.814
-0.59584 0.46729 1.824
-0.55218 0.45986 1.795
-0.51279 0.45525 1.777
-0.47894 0.45525 1.777
-0.44284 0.45294 1.768
-0.405 0.44833 1.75
-0.37549 0.45294 1.768
-0.33485 0.44372 1.732
-0.2989 0.43937 1.715
-0.26484 0.43706 1.706
-0.23016 0.43296 1.69
-0.19797 0.43296 1.69
-0.16333 0.42656 1.665
-0.13225 0.42861 1.673
-0.09942 0.42451 1.657
-0.066916 0.41862 1.634
-0.035792 0.41862 1.634
-0.0046686 0.41862 1.634
0.026196 0.41452 1.618
0.056487 0.41067 1.603
0.08702 0.41067 1.603
0.11704 0.40888 1.596
0.14679 0.40709 1.589
0.17617 0.40504 1.581
0.20354 0.39966 1.56
0.23326 0.39966 1.56
0.26179 0.39786 1.553
0.28743 0.39248 1.532
0.31517 0.39069 1.525
0.34286 0.38915 1.519
0.36861 0.38582 1.506
-1.0648 0.50535 1.958
-1.0275 0.50535 1.958
-0.9735 0.49683 1.925
-0.92175 0.48883 1.894
-0.87585 0.48341 1.873
-0.83569 0.48083 1.863
-0.78732 0.47309 1.833
-0.74871 0.47077 1.824
-0.71397 0.47077 1.824
-0.6755 0.46818 1.814
-0.63741 0.4656 1.804
-0.61275 0.47309 1.833
-0.56018 0.45864 1.777
-0.521 0.45399 1.759
-0.48999 0.45631 1.768
-0.45399 0.45399 1.759
-0.41618 0.44934 1.741
-0.38104 0.44702 1.732
-0.34463 0.44263 1.715
-0.31033 0.44031 1.706
-0.2793 0.44263 1.715
-0.24174 0.43386 1.681
-0.20972 0.43386 1.681
-0.17601 0.42973 1.665
-0.1443 0.42973 1.665
-0.1115 0.4256 1.649
-0.079366 0.42173 1.634
-0.048242 0.42173 1.634
-0.017034 0.41966 1.626
0.014006 0.42173 1.634
0.044494 0.41579 1.611
0.07448 0.41192 1.596
0.10442 0.41011 1.589
0.13401 0.40805 1.581
0.16267 0.40444 1.567
0.19166 0.40263 1.56
0.22038 0.40082 1.553
0.24996 0.40082 1.553
0.27576 0.3954 1.532
0.30235 0.39205 1.519
0.32976 0.39024 1.512
-1.0736 0.50622 1.947
-1.0365 0.50622 1.947
-0.98817 0.5005 1.925
-0.93618 0.49244 1.894
-0.88537 0.48438 1.863
-0.85901 0.48958 1.883
-0.79735 0.47424 1.824
-0.76261 0.47424 1.824
-0.72387 0.47164 1.814
-0.67868 0.46436 1.786
-0.64466 0.46436 1.786
-0.61372 0.4667 1.795
-0.57372 0.46202 1.777
-0.53167 0.455 1.75
-0.49833 0.455 1.75
-0.46739 0.45734 1.759
-0.42945 0.45266 1.741
-0.39424 0.45032 1.732
-0.3577 0.4459 1.715
-0.32333 0.44356 1.706
-0.28947 0.44148 1.698
-0.25455 0.43706 1.681
-0.22041 0.4329 1.665
-0.1887 0.4329 1.665
-0.15548 0.42874 1.649
-0.12347 0.42666 1.641
-0.092658 0.42874 1.649
-0.060394 0.42276 1.626
-0.029423 0.42276 1.626
0.0015486 0.42276 1.626
0.03192 0.41496 1.596
0.06232 0.41496 1.596
0.091442 0.40924 1.574
0.12142 0.40924 1.574
0.15073 0.40742 1.567
0.17896 0.40378 1.553
0.20855 0.40378 1.553
0.23598 0.40014 1.539
0.26529 0.40014 1.539
0.28944 0.39312 1.512
0.31698 0.39156 1.506
-1.0454 0.50705 1.936
-1.0028 0.50417 1.925
-0.94509 0.49317 1.883
-0.89473 0.48531 1.853
-0.85016 0.48007 1.833
-0.8197 0.48269 1.843
-0.7765 0.47771 1.824
-0.73769 0.4751 1.814
-0.69578 0.47012 1.795
-0.65827 0.46776 1.786
-0.62425 0.46776 1.786
-0.58428 0.46305 1.768
-0.545 0.45833 1.75
-0.50904 0.45598 1.741
-0.47587 0.45598 1.741
-0.44042 0.45362 1.732
-0.40532 0.45126 1.723
-0.36709 0.44471 1.698
-0.33475 0.44471 1.698
-0.29938 0.44026 1.681
-0.26609 0.43817 1.673
-0.23198 0.43398 1.657
-0.20042 0.43398 1.657
-0.16651 0.42795 1.634
-0.13539 0.42795 1.634
-0.10375 0.42586 1.626
-0.072425 0.42376 1.618
-0.041606 0.42376 1.618
-0.01074 0.42193 1.611
0.01976 0.418 1.596
0.04994 0.41617 1.589
0.079096 0.4104 1.567
0.10894 0.4104 1.567
0.13817 0.40857 1.56
0.16638 0.4049 1.546
0.19583 0.4049 1.546
0.22323 0.40124 1.532
0.25242 0.40124 1.532
0.27682 0.39443 1.506
-1.0542 0.50783 1.925
-1.0064 0.50229 1.904
-0.95434 0.49412 1.873
-0.90395 0.4862 1.843
-0.86413 0.48356 1.833
-0.83374 0.4862 1.843
-0.78173 0.47591 1.804
-0.74364 0.47354 1.795
-0.71301 0.47591 1.804
-0.67188 0.47116 1.786
-0.63143 0.46642 1.768
-0.59471 0.46404 1.759
-0.5612 0.46404 1.759
-0.5196 0.45692 1.732
-0.48914 0.45929 1.741
-0.45362 0.45692 1.732
-0.4165 0.45243 1.715
-0.38003 0.44795 1.698
-0.34605 0.44584 1.69
-0.3107 0.44135 1.673
-0.2775 0.43924 1.665
-0.24342 0.43502 1.649
-0.21201 0.43502 1.649
-0.17896 0.43106 1.634
-0.14711 0.42895 1.626
-0.11557 0.42684 1.618
-0.084752 0.42684 1.618
-0.0537 0.425 1.611
-0.0228 0.42104 1.596
0.0076333 0.42289 1.603
0.037643 0.41708 1.581
0.067157 0.41339 1.567
0.096571 0.41154 1.56
0.12572 0.4097 1.553
0.1539 0.406 1.539
0.18238 0.40416 1.532
0.21156 0.40416 1.532
0.2376 0.39888 1.512
0.26992 0.40416 1.532
-1.0132 0.50034 1.883
-0.97218 0.49768 1.873
-0.9165 0.48705 1.833
-0.88159 0.48705 1.833
-0.8379 0.48201 1.814
-0.80334 0.48201 1.814
-0.76455 0.47935 1.804
-0.72655 0.47696 1.795
-0.68541 0.47217 1.777
-0.64827 0.46978 1.768
-0.60833 0.465 1.75
-0.56909 0.46022 1.732
-0.53083 0.4557 1.715
-0.50049 0.45783 1.723
-0.46767 0.45783 1.723
-0.43283 0.4557 1.715
-0.3962 0.45118 1.698
-0.36214 0.44906 1.69
-0.32663 0.44454 1.673
-0.29477 0.44454 1.673
-0.25787 0.43604 1.641
-0.22661 0.43604 1.641
-0.19262 0.42993 1.618
-0.1618 0.42993 1.618
-0.13098 0.42993 1.618
-0.099233 0.42594 1.603
-0.0687 0.42594 1.603
-0.038167 0.42594 1.603
-0.0075286 0.42009 1.581
0.022386 0.41637 1.567
0.052233 0.41637 1.567
0.081714 0.41451 1.56
0.11043 0.41079 1.546
0.13988 0.41079 1.546
0.16779 0.40707 1.532
0.19697 0.40707 1.532
0.2232 0.40176 1.512
0.252 0.40176 1.512
-1.0093 0.49322 1.843
-0.98473 0.49857 1.863
-0.93905 0.49322 1.843
-0.88972 0.48546 1.814
-0.85517 0.48546 1.814
-0.80795 0.47797 1.786
-0.77783 0.48038 1.795
-0.73619 0.47556 1.777
-0.7059 0.47797 1.786
-0.66849 0.47556 1.777
-0.62179 0.46592 1.741
-0.58558 0.46352 1.732
-0.54972 0.46111 1.723
-0.5118 0.45656 1.706
-0.48183 0.45897 1.715
-0.44681 0.45656 1.706
-0.41237 0.45442 1.698
-0.37622 0.44987 1.681
-0.33929 0.44344 1.657
-0.30773 0.44344 1.657
-0.2735 0.43916 1.641
-0.24121 0.43729 1.634
-0.20906 0.43515 1.626
-0.17644 0.43113 1.611
-0.14639 0.43301 1.618
-0.1145 0.42899 1.603
-0.0836 0.42712 1.596
-0.0532 0.42712 1.596
-0.022586 0.42311 1.581
0.0074952 0.42123 1.574
0.037143 0.41749 1.56
0.066257 0.41374 1.546
0.095705 0.41374 1.546
0.12459 0.41187 1.539
0.1525 0.40812 1.525
0.18238 0.40999 1.532
0.2088 0.40464 1.512
-0.99709 0.49943 1.853
-0.95141 0.49404 1.833
-0.907 0.48892 1.814
-0.86764 0.48622 1.804
-0.82496 0.48137 1.786
-0.79094 0.48137 1.786
-0.75311 0.47894 1.777
-0.71926 0.47894 1.777
-0.67847 0.47409 1.759
-0.63837 0.46924 1.741
-0.60208 0.46682 1.732
-0.56054 0.45981 1.706
-0.52805 0.45981 1.706
-0.49323 0.45765 1.698
-0.45627 0.45307 1.681
-0.42425 0.45307 1.681
-0.39037 0.45091 1.673
-0.35679 0.44876 1.665
-0.32195 0.44444 1.649
-0.29054 0.44444 1.649
-0.25551 0.43825 1.626
-0.22344 0.43609 1.618
-0.19083 0.43205 1.603
-0.1596 0.43016 1.596
-0.12977 0.43205 1.603
-0.098367 0.42827 1.589
-0.067757 0.42612 1.581
-0.037833 0.42827 1.589
-0.0074286 0.42046 1.56
0.022186 0.41857 1.553
0.051067 0.41291 1.532
0.080981 0.41668 1.546
0.10893 0.41102 1.525
0.13798 0.41102 1.525
0.1656 0.40752 1.512
0.19363 0.4059 1.506
-1.0038 0.49753 1.833
-0.96887 0.49753 1.833
-0.92937 0.49509 1.824
-0.8804 0.48721 1.795
-0.83773 0.48233 1.777
-0.80388 0.48233 1.777
-0.77003 0.48233 1.777
-0.725 0.475 1.75
-0.69522 0.47744 1.759
-0.64818 0.46767 1.723
-0.61857 0.47011 1.732
-0.57983 0.4655 1.715
-0.5443 0.46306 1.706
-0.5094 0.46089 1.698
-0.4793 0.46306 1.706
-0.43607 0.45193 1.665
-0.4063 0.4541 1.673
-0.36906 0.44759 1.649
-0.33601 0.44541 1.641
-0.30346 0.44351 1.634
-0.27233 0.44351 1.634
-0.23885 0.43917 1.618
-0.20713 0.43727 1.611
-0.1748 0.4332 1.596
-0.14377 0.4313 1.589
-0.114 0.4332 1.596
-0.082814 0.42913 1.581
-0.052233 0.42533 1.567
-0.022286 0.42343 1.56
0.0074286 0.42343 1.56
0.036476 0.41583 1.532
0.065957 0.41773 1.539
0.094033 0.4123 1.519
0.1224 0.4104 1.512
0.1512 0.4104 1.512
0.18 0.4104 1.512
-0.97801 0.49856 1.824
-0.94327 0.49856 1.824
-0.89856 0.49309 1.804
-0.84696 0.48325 1.768
-0.80914 0.48079 1.759
-0.78357 0.48571 1.777
-0.73454 0.47587 1.741
-0.705 0.47833 1.75
-0.66821 0.47587 1.741
-0.62848 0.47095 1.723
-0.5929 0.46877 1.715
-0.55468 0.46412 1.698
-0.51988 0.46193 1.69
-0.48509 0.45947 1.681
-0.4466 0.45291 1.657
-0.41504 0.45291 1.657
-0.38348 0.45291 1.657
-0.34852 0.44854 1.641
-0.31591 0.44663 1.634
-0.28199 0.44225 1.618
-0.24776 0.43624 1.596
-0.2194 0.44034 1.611
-0.18614 0.43433 1.589
-0.15587 0.43433 1.589
-0.12561 0.43433 1.589
-0.09444 0.43023 1.574
-0.063312 0.42257 1.546
-0.034018 0.42449 1.553
-0.0044371 0.42449 1.553
0.024804 0.41875 1.532
0.053527 0.41519 1.519
0.082786 0.41683 1.525
0.11088 0.41328 1.512
-0.99191 0.50203 1.824
-0.94667 0.49653 1.804
-0.91231 0.49653 1.804
-0.86481 0.4891 1.777
-0.82675 0.48662 1.768
-0.785 0.48167 1.75
-0.7478 0.47919 1.741
-0.71464 0.47919 1.741
-0.6713 0.47203 1.715
-0.63528 0.46956 1.706
-0.60279 0.46956 1.706
-0.56494 0.46515 1.69
-0.53275 0.46515 1.69
-0.49553 0.46047 1.673
-0.45701 0.45387 1.649
-0.4256 0.45387 1.649
-0.39419 0.45387 1.649
-0.36102 0.45167 1.641
-0.32514 0.44534 1.618
-0.29305 0.44341 1.611
-0.26106 0.44121 1.603
-0.22851 0.43735 1.589
-0.19725 0.43515 1.581
-0.16713 0.43515 1.581
-0.13641 0.43322 1.574
-0.10596 0.4313 1.567
-0.075431 0.42744 1.553
-0.045437 0.42359 1.539
-0.016196 0.42552 1.546
0.01302 0.41809 1.519
0.04176 0.41616 1.512
0.071167 0.41974 1.525
0.098966 0.41451 1.506
0.12765 0.41451 1.506
-1.0058 0.50551 1.824
-0.96042 0.49997 1.804
-0.92143 0.49747 1.795
-0.8739 0.48999 1.768
-0.83594 0.48749 1.759
-0.79423 0.48251 1.741
-0.76107 0.48251 1.741
-0.72414 0.48001 1.732
-0.68078 0.47281 1.706
-0.64524 0.47059 1.698
-0.61578 0.47281 1.706
-0.57474 0.46588 1.681
-0.54563 0.46837 1.69
-0.50098 0.45701 1.649
-0.46957 0.45701 1.649
-0.43816 0.45701 1.649
-0.40478 0.45479 1.641
-0.37352 0.45479 1.641
-0.33747 0.44842 1.618
-0.30381 0.44426 1.603
-0.27208 0.44232 1.596
-0.23941 0.43816 1.581
-0.20929 0.43816 1.581
-0.17839 0.43622 1.574
-0.14841 0.43622 1.574
-0.1179 0.43428 1.567
-0.087264 0.4304 1.553
-0.057163 0.42652 1.539
-0.027849 0.42652 1.539
0.0014467 0.42098 1.519
0.03012 0.41738 1.506
0.087491 0.41738 1.506
-0.97416 0.5034 1.804
-0.9398 0.5034 1.804
-0.89188 0.49587 1.777
-0.845 0.48833 1.75
-0.80332 0.48331 1.732
-0.76277 0.47857 1.715
-0.73351 0.4808 1.723
-0.69377 0.47606 1.706
-0.65508 0.47159 1.69
-0.62583 0.47382 1.698
-0.58755 0.46908 1.681
-0.55553 0.46908 1.681
-0.51105 0.45792 1.641
-0.48448 0.46238 1.657
-0.44663 0.45596 1.634
-0.4155 0.45596 1.634
-0.3825 0.45373 1.626
-0.3498 0.4515 1.618
-0.31464 0.44536 1.596
-0.28157 0.44117 1.581
-0.25034 0.43922 1.574
-0.22036 0.43922 1.574
-0.18953 0.43727 1.567
-0.15968 0.43727 1.567
-0.12926 0.43531 1.56
-0.098203 0.42945 1.539
-0.068889 0.42945 1.539
-0.039214 0.42555 1.525
-0.010167 0.42555 1.525
0.018646 0.42025 1.506
-0.98298 0.50431 1.795
-0.94403 0.50178 1.786
-0.90542 0.49925 1.777
-0.85833 0.49167 1.75
-0.81651 0.48661 1.732
-0.77945 0.48408 1.723
-0.73927 0.4793 1.706
-0.69641 0.47228 1.681
-0.66795 0.47481 1.69
-0.63576 0.47481 1.69
-0.60036 0.47228 1.681
-0.56563 0.47003 1.673
-0.52866 0.46554 1.657
-0.4923 0.46104 1.641
-0.45908 0.45908 1.634
-0.42376 0.45458 1.618
-0.39294 0.45458 1.618
-0.35877 0.45037 1.603
-0.32537 0.44643 1.589
-0.2951 0.44643 1.589
-0.26233 0.44222 1.574
-0.23235 0.44222 1.574
-0.20057 0.43829 1.56
-0.17009 0.43632 1.553
-0.13988 0.43435 1.546
-0.10943 0.43042 1.532
-0.079881 0.42845 1.525
-0.050633 0.42677 1.519
-0.0217 0.42677 1.519
-0.95764 0.50518 1.786
-0.905 0.495 1.75
-0.87167 0.495 1.75
-0.8254 0.48736 1.723
-0.78476 0.48255 1.706
-0.74521 0.47803 1.69
-0.71302 0.47803 1.69
-0.67398 0.47322 1.673
-0.64518 0.47548 1.681
-0.61316 0.47548 1.681
-0.57561 0.47096 1.665
-0.53867 0.46643 1.649
-0.50265 0.46219 1.634
-0.47153 0.46219 1.634
-0.4342 0.45568 1.611
-0.40352 0.45568 1.611
-0.37098 0.45342 1.603
-0.33577 0.4472 1.581
-0.30566 0.4472 1.581
-0.27433 0.44522 1.574
-0.24326 0.44324 1.567
-0.21246 0.44126 1.56
-0.18274 0.44126 1.56
-0.15097 0.43532 1.539
-0.12055 0.43136 1.525
-0.09114 0.42966 1.519
-0.062207 0.42966 1.519
-0.032989 0.42598 1.506
-0.96635 0.50602 1.777
-0.91833 0.49833 1.75
-0.88045 0.49577 1.741
-0.83463 0.48837 1.715
-0.79028 0.48125 1.69
-0.76167 0.48353 1.698
-0.71859 0.47641 1.673
-0.68344 0.47413 1.665
-0.65799 0.47868 1.681
-0.62597 0.47868 1.681
-0.5883 0.47413 1.665
-0.55124 0.46957 1.649
-0.51006 0.46074 1.618
-0.48398 0.4653 1.634
-0.44648 0.45875 1.611
-0.41192 0.45448 1.596
-0.37793 0.45021 1.581
-0.34628 0.44822 1.574
-0.31771 0.45021 1.581
-0.28632 0.44822 1.574
-0.2552 0.44622 1.567
-0.22334 0.44224 1.553
-0.19288 0.44024 1.546
-0.16195 0.43626 1.532
-0.13277 0.43626 1.532
-0.10183 0.42885 1.506
-0.07344 0.43056 1.512
-0.044463 0.42885 1.506
-0.01584 0.43056 1.512
-0.97989 0.50941 1.777
-0.92208 0.49651 1.732
-0.88909 0.49651 1.732
-0.8477 0.49163 1.715
-0.80695 0.48676 1.698
-0.76686 0.48189 1.681
-0.73134 0.47959 1.673
-0.69947 0.47959 1.673
-0.66761 0.47959 1.673
-0.6327 0.4773 1.665
-0.5981 0.47501 1.657
-0.55867 0.46841 1.634
-0.52497 0.46612 1.626
-0.48944 0.46182 1.611
-0.45875 0.46182 1.611
-0.42009 0.45322 1.581
-0.38998 0.45322 1.581
-0.35827 0.45121 1.574
-0.32829 0.45121 1.574
-0.29698 0.44921 1.567
-0.26475 0.44519 1.553
-0.23517 0.44519 1.553
-0.20373 0.44118 1.539
-0.17215 0.43545 1.519
-0.14379 0.43717 1.525
-0.11331 0.43172 1.506
-0.084623 0.43172 1.506
-0.945 0.505 1.75
-0.8976 0.49721 1.723
-0.85625 0.4923 1.706
-0.81603 0.48769 1.69
-0.77595 0.48278 1.673
-0.74409 0.48278 1.673
-0.702 0.47585 1.649
-0.67059 0.47585 1.649
-0.64228 0.47816 1.657
-0.60777 0.47585 1.649
-0.56833 0.46922 1.626
-0.53735 0.46922 1.626
-0.49922 0.46258 1.603
-0.47103 0.46489 1.611
-0.43433 0.45854 1.589
-0.40025 0.45421 1.574
-0.37026 0.45421 1.574
-0.33877 0.45219 1.567
-0.30754 0.45017 1.56
-0.27658 0.44815 1.553
-0.24589 0.44613 1.546
-0.2135 0.44007 1.525
-0.18288 0.43632 1.512
-0.15408 0.43632 1.512
-0.12478 0.43459 1.506
-0.096097 0.43459 1.506
-0.9534 0.50572 1.741
-0.9065 0.49817 1.715
-0.87383 0.49817 1.715
-0.83283 0.49323 1.698
-0.7887 0.48597 1.673
-0.7496 0.48132 1.657
-0.7215 0.48364 1.665
-0.68316 0.479 1.649
-0.65807 0.48364 1.665
-0.60868 0.46999 1.618
-0.57786 0.46999 1.618
-0.54704 0.46999 1.618
-0.50697 0.46157 1.589
-0.4788 0.4636 1.596
-0.44643 0.46157 1.589
-0.41224 0.45721 1.574
-0.38056 0.45518 1.567
-0.34914 0.45314 1.56
-0.31943 0.45314 1.56
-0.28711 0.44908 1.546
-0.25767 0.44908 1.546
-0.22423 0.44123 1.519
-0.1944 0.4392 1.512
-0.13626 0.43746 1.506
-0.91957 0.50143 1.715
-0.88225 0.4988 1.706
-0.84577 0.49646 1.698
-0.80145 0.48915 1.673
-0.75854 0.48214 1.649
-0.72052 0.47775 1.634
-0.69235 0.4798 1.641
-0.66109 0.4798 1.641
-0.62407 0.47541 1.626
-0.59018 0.47307 1.618
-0.55695 0.47103 1.611
-0.52136 0.46664 1.596
-0.48635 0.46225 1.581
-0.45623 0.46225 1.581
-0.42234 0.45816 1.567
-0.39074 0.45611 1.56
-0.36265 0.45816 1.567
-0.3328 0.45816 1.567
-0.29889 0.45202 1.546
-0.26823 0.44997 1.539
-0.23472 0.44208 1.512
-0.92339 0.4997 1.698
-0.89105 0.4997 1.698
-0.85466 0.49734 1.69
-0.81419 0.49234 1.673
-0.7711 0.48528 1.649
-0.73297 0.48086 1.634
-0.70485 0.48292 1.641
-0.66415 0.47615 1.618
-0.63333 0.47615 1.618
-0.59991 0.47409 1.611
-0.56392 0.46968 1.596
-0.53352 0.46968 1.596
-0.49839 0.46527 1.581
-0.46413 0.46115 1.567
-0.43428 0.46115 1.567
-0.40082 0.45703 1.553
-0.37124 0.45703 1.553
-0.34012 0.45497 1.546
-0.31067 0.45497 1.546
-0.2774 0.44879 1.525
-0.24624 0.44496 1.512
-0.93191 0.50056 1.69
-0.89972 0.50056 1.69
-0.86291 0.4979 1.681
-0.82694 0.49553 1.673
-0.78367 0.48842 1.649
-0.74542 0.48398 1.634
-0.7073 0.47924 1.618
-0.67021 0.47479 1.603
-0.63967 0.47479 1.603
-0.60648 0.47272 1.596
-0.57355 0.47065 1.589
-0.54329 0.47065 1.589
-0.50818 0.4662 1.574
-0.47394 0.46206 1.56
-0.44224 0.45998 1.553
-0.41079 0.45791 1.546
-0.37789 0.45376 1.532
-0.35031 0.45584 1.539
-0.31807 0.45169 1.525
-0.28902 0.45169 1.525
-0.25674 0.44606 1.506
-0.90774 0.5011 1.681
-0.87155 0.49871 1.673
-0.83567 0.49633 1.665
-0.79237 0.48917 1.641
-0.75415 0.4847 1.626
-0.71651 0.48023 1.611
-0.69221 0.4847 1.626
-0.64904 0.47576 1.596
-0.61011 0.4692 1.574
-0.58566 0.47367 1.589
-0.5526 0.47129 1.581
-0.51786 0.46712 1.567
-0.48583 0.46503 1.56
-0.44793 0.45668 1.532
-0.41875 0.45668 1.532
-0.39135 0.45877 1.539
-0.36038 0.45668 1.532
-0.32969 0.4546 1.525
-0.92055 0.5043 1.681
-0.8843 0.5019 1.673
-0.84428 0.4971 1.657
-0.79751 0.4878 1.626
-0.75947 0.4833 1.611
-0.72879 0.4833 1.611
-0.6916 0.4788 1.596
-0.6612 0.4788 1.596
-0.62803 0.4767 1.589
-0.59476 0.4743 1.581
-0.55714 0.468 1.56
-0.5298 0.4701 1.567
-0.49548 0.4659 1.553
-0.4638 0.4638 1.546
-0.43239 0.4617 1.539
-0.39783 0.4557 1.519
-0.3689 0.4557 1.519
-0.33997 0.4557 1.519
-0.88847 0.50026 1.657
-0.85277 0.49784 1.649
-0.8099 0.4909 1.626
-0.77893 0.4909 1.626
-0.73416 0.48184 1.596
-0.70067 0.47973 1.589
-0.67041 0.47973 1.589
-0.6341 0.4752 1.574
-0.59874 0.47097 1.56
-0.56903 0.47097 1.56
-0.53689 0.46886 1.553
-0.50274 0.46463 1.539
-0.47343 0.46463 1.539
-0.44007 0.4604 1.525
-0.40941 0.45859 1.519
-0.38047 0.45859 1.519
-0.34992 0.45648 1.512
-0.89674 0.50098 1.649
-0.86113 0.49855 1.641
-0.81825 0.49156 1.618
-0.78402 0.48944 1.611
-0.74632 0.48488 1.596
-0.71278 0.48275 1.589
-0.67908 0.48032 1.581
-0.64034 0.47394 1.56
-0.61063 0.47394 1.56
-0.58352 0.47607 1.567
-0.54625 0.46969 1.546
-0.51447 0.46756 1.539
-0.48074 0.46331 1.525
-0.45169 0.46331 1.525
-0.42264 0.46331 1.525
-0.39024 0.45936 1.512
-0.36144 0.45936 1.512
-0.91372 0.50657 1.657
-0.87364 0.50168 1.641
-0.83468 0.49709 1.626
-0.79629 0.49251 1.611
-0.76181 0.49006 1.603
-0.72489 0.48578 1.589
-0.69112 0.48333 1.581
-0.65223 0.47691 1.56
-0.61972 0.47477 1.553
-0.58748 0.47263 1.546
-0.55803 0.47263 1.546
-0.5238 0.46835 1.532
-0.48816 0.46224 1.512
-0.45936 0.46224 1.512
-0.42885 0.46041 1.506
-0.37148 0.46041 1.506
-0.88614 0.5048 1.641
-0.85124 0.50265 1.634
-0.79351 0.48635 1.581
-0.76726 0.48881 1.589
-0.73699 0.48881 1.589
-0.69694 0.48204 1.567
-0.66411 0.47989 1.56
-0.62301 0.47127 1.532
-0.60197 0.47773 1.553
-0.56981 0.47558 1.546
-0.53547 0.47127 1.532
-0.4977 0.46327 1.506
-0.47306 0.46727 1.519
-0.44033 0.46327 1.506
-0.89864 0.50793 1.641
-0.85523 0.50081 1.618
-0.80963 0.49183 1.589
-0.77544 0.48936 1.581
-0.7491 0.49183 1.589
-0.70571 0.48286 1.56
-0.676 0.48286 1.56
-0.63759 0.47636 1.539
-0.6055 0.47419 1.532
-0.57143 0.47017 1.519
-0.54464 0.47202 1.525
-0.5112 0.468 1.512
-0.4824 0.468 1.512
-0.87064 0.50389 1.618
-0.8284 0.49704 1.596
-0.7835 0.48801 1.567
-0.75365 0.48801 1.567
-0.72057 0.48583 1.56
-0.68776 0.48365 1.553
-0.64928 0.47711 1.532
-0.61483 0.47306 1.519
-0.58821 0.47493 1.525
-0.55917 0.47493 1.525
-0.52351 0.46901 1.506
-0.88605 0.50697 1.618
-0.8399 0.49789 1.589
-0.80199 0.49319 1.574
-0.76514 0.4888 1.56
-0.73213 0.48661 1.553
-0.69938 0.48441 1.546
-0.66387 0.48003 1.532
-0.6293 0.47595 1.519
-0.5976 0.47376 1.512
-0.5688 0.47376 1.512
-0.50917 0.47188 1.506
-0.85503 0.50091 1.589
-0.80608 0.48956 1.553
-0.78 0.49177 1.56
-0.74692 0.48956 1.553
-0.71087 0.48515 1.539
-0.67846 0.48294 1.532
-0.64631 0.48074 1.525
-0.60957 0.47475 1.506
-0.5832 0.47664 1.512
-0.874 0.50616 1.596
-0.82457 0.49474 1.56
-0.79842 0.49696 1.567
-0.76171 0.49252 1.553
-0.72553 0.48808 1.539
-0.69621 0.48808 1.539
-0.6552 0.47952 1.512
-0.62391 0.47762 1.506
-0.85073 0.50441 1.581
-0.80245 0.49325 1.546
-0.78 0.49771 1.56
-0.73682 0.48878 1.532
-0.70764 0.48878 1.532
-0.67536 0.48655 1.525
-0.85045 0.49844 1.553
-0.82087 0.49844 1.553
-0.79129 0.49844 1.553
-0.75828 0.49619 1.546
-0.7128 0.48528 1.512
-0.68988 0.48945 1.525
-0.83943 0.50366 1.56
-0.79881 0.49688 1.539
-0.7765 0.5014 1.553
-0.73057 0.49042 1.519
-0.70163 0.49042 1.519
-0.84279 0.49981 1.539
-0.80977 0.49754 1.532
-0.78059 0.49754 1.532
-0.74798 0.49526 1.525
-0.8206 0.49817 1.525
-0.79518 0.50045 1.532
-0.753 0.49196 1.506
-0.72431 0.49196 1.506
-0.83512 0.50107 1.525
-0.8029 0.4991 1.519
-0.77397 0.4991 1.519
-0.8136 0.49968 1.512
-0.78843 0.50199 1.519
-0.828 0.50256 1.512
-0.7992 0.50256 1.512
-0.81037 0.50343 1.506