-0.066 0.13389 1.98
-0.054382 0.13689 1.969
-0.065633 0.14064 1.969
-0.027657 0.13829 1.936
-0.091373 0.14359 1.958
-0.054382 0.14439 1.969
-0.016689 0.14278 1.947
0.022555 0.15789 2.153
-0.091373 0.14732 1.958
-0.054382 0.14814 1.969
-0.016689 0.14649 1.947
0.022419 0.16101 2.14
-0.091373 0.15105 1.958
-0.054382 0.15189 1.969
-0.016689 0.1502 1.947
0.022419 0.16509 2.14
0.063181 0.16509 2.14
-0.11748 0.15478 1.958
-0.080185 0.15478 1.958
-0.04289 0.15478 1.958
-0.0056257 0.15564 1.969
0.034437 0.16813 2.127
-0.11002 0.1585 1.958
-0.072726 0.1585 1.958
-0.03543 0.1585 1.958
0.0020133 0.17113 2.114
0.0428 0.17324 2.14
0.083562 0.17324 2.14
-0.11814 0.16315 1.969
-0.079734 0.16132 1.947
-0.04289 0.16223 1.958
-0.0056257 0.16315 1.969
0.034437 0.17624 2.127
0.07541 0.17731 2.14
-0.12189 0.1669 1.969
-0.083443 0.16503 1.947
-0.046357 0.16503 1.947
-0.0093762 0.1669 1.969
0.030386 0.18029 2.127
0.071333 0.18139 2.14
-0.11814 0.17065 1.969
-0.079734 0.16874 1.947
-0.042649 0.16874 1.947
-0.0056257 0.17065 1.969
0.034227 0.18321 2.114
0.07541 0.18547 2.14
-0.095103 0.17342 1.958
-0.057158 0.17147 1.936
-0.020512 0.17342 1.958
0.01812 0.18724 2.114
0.058746 0.18839 2.127
0.10047 0.19069 2.153
-0.087151 0.17616 1.947
-0.049783 0.17516 1.936
-0.013053 0.17715 1.958
0.026173 0.19127 2.114
0.066849 0.19244 2.127
0.10868 0.1948 2.153
-0.09086 0.17987 1.947
-0.053167 0.17783 1.925
-0.016783 0.18088 1.958
0.022147 0.19529 2.114
0.062797 0.19649 2.127
0.10457 0.1989 2.153
-0.10256 0.18461 1.958
-0.064167 0.1815 1.925
-0.027657 0.18254 1.936
0.0098238 0.19451 2.063
0.050333 0.19932 2.114
0.092271 0.203 2.153
0.13415 0.20432 2.167
-0.11439 0.1894 1.969
-0.075167 0.18517 1.925
-0.0385 0.18517 1.925
-0.0018752 0.1894 1.969
0.038018 0.2021 2.101
0.079486 0.20585 2.14
0.12176 0.20844 2.167
-0.086659 0.18991 1.936
-0.0495 0.18883 1.925
-0.01298 0.19099 1.947
0.026012 0.2061 2.101
0.06644 0.20737 2.114
0.10868 0.2112 2.153
-0.098832 0.1958 1.958
-0.060186 0.1915 1.915
-0.024106 0.1947 1.947
0.013673 0.2051 2.051
0.054026 0.2101 2.101
0.09579 0.214 2.14
0.13738 0.2153 2.153
-0.11439 0.20065 1.969
-0.075167 0.19617 1.925
-0.0385 0.19617 1.925
-0.0018648 0.19953 1.958
0.038018 0.2141 2.101
0.079486 0.21808 2.14
0.12098 0.2194 2.153
-0.090347 0.20098 1.936
-0.053167 0.19983 1.925
-0.016689 0.20212 1.947
0.021874 0.21675 2.088
0.062413 0.21945 2.114
0.10394 0.22215 2.14
0.14653 0.22496 2.167
-0.098277 0.20583 1.947
-0.0605 0.2035 1.925
-0.02397 0.20466 1.936
0.013673 0.21682 2.051
0.054026 0.22211 2.101
0.09579 0.22623 2.14
0.13738 0.2276 2.153
-0.090347 0.20835 1.936
-0.053167 0.20717 1.925
-0.016689 0.20953 1.947
0.021874 0.22471 2.088
0.062413 0.22751 2.114
0.10331 0.22891 2.127
0.14558 0.2317 2.153
1.2929 0.2472 2.297
-0.078833 0.21083 1.925
-0.042167 0.21083 1.925
-0.0055943 0.21445 1.958
0.033806 0.22869 2.088
0.074493 0.23153 2.114
0.11617 0.23438 2.14
0.15891 0.23734 2.167
1.2578 0.24982 2.281
-0.094569 0.21695 1.947
-0.056833 0.2145 1.925
-0.020397 0.21695 1.947
0.017683 0.22988 2.063
0.058028 0.23411 2.101
0.098653 0.23556 2.114
0.14148 0.23991 2.153
1.2491 0.25595 2.297
1.2754 0.2525 2.266
-0.11064 0.22315 1.969
-0.0715 0.21817 1.925
-0.035032 0.21941 1.936
0.0018971 0.22576 1.992
0.04176 0.23664 2.088
0.082547 0.23959 2.114
0.12432 0.24253 2.14
0.16717 0.24559 2.167
1.1796 0.25851 2.281
1.2231 0.25851 2.281
1.2582 0.25681 2.266
-0.098832 0.22564 1.958
-0.0605 0.22183 1.925
-0.024106 0.22437 1.947
0.013673 0.23635 2.051
0.054026 0.24212 2.101
0.094627 0.24361 2.114
0.13738 0.24811 2.153
1.1805 0.26113 2.266
1.2236 0.26113 2.266
1.259 0.25952 2.252
-0.10371 0.23194 1.98
-0.064167 0.2255 1.925
-0.027814 0.22808 1.947
0.0097095 0.23885 2.039
0.050024 0.24612 2.101
0.0906 0.24764 2.114
0.13248 0.25069 2.14
0.17542 0.25385 2.167
1.1091 0.26908 2.297
1.1529 0.26908 2.297
1.1732 0.26381 2.252
1.208 0.26205 2.237
1.2428 0.26041 2.223
-0.1139 0.24131 2.027
-0.071909 0.23048 1.936
-0.035032 0.23048 1.936
0.001919 0.23988 2.015
0.04176 0.24857 2.088
0.082547 0.25167 2.114
0.12432 0.25476 2.14
0.16717 0.25798 2.167
1.1441 0.27345 2.297
1.1646 0.2681 2.252
1.192 0.26464 2.223
1.1954 0.25631 2.153
-0.12697 0.24807 2.051
-0.083443 0.23549 1.947
-0.045833 0.23283 1.925
-0.0094857 0.24094 1.992
0.029657 0.2511 2.076
0.070033 0.25412 2.101
0.11073 0.25569 2.114
0.15379 0.26041 2.153
1.1157 0.27408 2.266
1.1441 0.27057 2.237
1.1713 0.26706 2.208
1.1908 0.2621 2.167
-0.096754 0.24473 1.992
-0.056833 0.2365 1.925
-0.020628 0.24191 1.969
0.01758 0.25198 2.051
0.058028 0.25812 2.101
0.098653 0.25972 2.114
0.14063 0.26291 2.14
0.8885 0.28024 2.281
0.93849 0.2822 2.297
0.98224 0.2822 2.297
1.026 0.2822 2.297
1.0553 0.27839 2.266
1.0917 0.27667 2.252
1.12 0.27311 2.223
1.1623 0.27311 2.223
1.1743 0.26623 2.167
1.2004 0.26291 2.14
-0.11457 0.25439 2.039
-0.071909 0.24154 1.936
-0.035231 0.24291 1.947
0.0019305 0.25289 2.027
0.04176 0.2605 2.088
0.082039 0.26212 2.101
0.12357 0.26537 2.127
0.16717 0.27036 2.167
0.91457 0.28458 2.281
0.95172 0.28271 2.266
0.99488 0.28271 2.266
1.0316 0.28096 2.252
1.0745 0.28096 2.252
1.11 0.27909 2.237
1.1165 0.27036 2.167
1.1578 0.27036 2.167
1.1769 0.26537 2.127
-0.089166 0.25232 1.992
-0.0495 0.24383 1.925
-0.013353 0.25371 2.003
0.025703 0.26296 2.076
0.066031 0.26613 2.101
0.10605 0.26613 2.101
0.14878 0.27107 2.14
0.85973 0.29095 2.297
0.89129 0.28703 2.266
0.93446 0.28703 2.266
0.96511 0.28335 2.237
1.0077 0.28335 2.237
1.0574 0.28525 2.252
1.0929 0.28335 2.237
1.0929 0.27271 2.153
1.1339 0.27271 2.153
1.1607 0.26942 2.127
-0.10618 0.26061 2.027
-0.0649 0.25033 1.947
-0.028286 0.25457 1.98
0.0097667 0.2637 2.051
0.049714 0.26846 2.088
0.090043 0.27013 2.101
0.13248 0.27514 2.14
0.17761 0.28209 2.194
0.82573 0.28954 2.252
0.87403 0.29134 2.266
0.91152 0.28954 2.252
0.94806 0.28761 2.237
0.98447 0.28581 2.223
1.0333 0.28761 2.237
1.0692 0.28581 2.223
1.0905 0.28041 2.181
1.1108 0.27514 2.14
1.1515 0.27514 2.14
1.1706 0.27013 2.101
-0.082028 0.26134 2.003
-0.042649 0.25404 1.947
-0.0057914 0.26448 2.027
0.033611 0.27087 2.076
0.074035 0.27413 2.101
0.11476 0.27583 2.114
0.15789 0.28092 2.153
0.77554 0.29762 2.281
0.80858 0.29383 2.252
0.85147 0.29383 2.252
0.88841 0.29188 2.237
0.93102 0.29188 2.237
0.96101 0.28809 2.208
1.0031 0.28809 2.208
1.0323 0.28457 2.181
1.067 0.28274 2.167
1.0945 0.27922 2.14
1.1352 0.27922 2.14
1.1545 0.27413 2.101
-0.098454 0.26834 2.027
-0.058457 0.26211 1.98
-0.020984 0.26516 2.003
0.017683 0.2731 2.063
0.058028 0.27813 2.101
0.098047 0.27813 2.101
0.14063 0.2833 2.14
0.18597 0.29044 2.194
0.75816 0.30196 2.281
0.79142 0.29812 2.252
0.82876 0.29614 2.237
0.86591 0.29428 2.223
0.90825 0.29428 2.223
0.9382 0.29044 2.194
0.97418 0.28872 2.181
1.0027 0.28502 2.153
1.0437 0.28502 2.153
1.0716 0.28157 2.127
1.1121 0.28157 2.127
1.1385 0.27813 2.101
1.1572 0.2731 2.063
-0.074843 0.27059 2.015
-0.036245 0.26897 2.003
0.0019533 0.27542 2.051
0.04176 0.28039 2.088
0.081531 0.28039 2.088
0.12281 0.28388 2.114
0.16717 0.291 2.167
0.69733 0.30631 2.281
0.73591 0.30429 2.266
0.7691 0.3004 2.237
0.80663 0.29852 2.223
0.84897 0.29852 2.223
0.89132 0.29852 2.223
0.91602 0.29288 2.181
0.95756 0.29288 2.181
0.98032 0.28737 2.14
1.0211 0.28737 2.14
1.0554 0.28563 2.127
1.0892 0.28388 2.114
1.1156 0.28039 2.088
1.1487 0.27878 2.076
-0.09127 0.27769 2.039
-0.051814 0.27442 2.015
-0.013513 0.27606 2.027
0.025703 0.28273 2.076
0.066031 0.28614 2.101
0.10671 0.28791 2.114
0.14968 0.29322 2.153
0.19689 0.30275 2.223
0.64097 0.31283 2.297
0.68472 0.31283 2.297
0.70945 0.30466 2.237
0.74735 0.30275 2.223
0.78437 0.30071 2.208
0.82642 0.30071 2.208
0.86848 0.30071 2.208
0.8994 0.29703 2.181
0.92887 0.29322 2.153
0.95816 0.28968 2.127
1.0048 0.29145 2.14
1.0328 0.28791 2.114
1.0665 0.28614 2.101
1.0934 0.28273 2.076
1.1329 0.28273 2.076
-0.1068 0.28158 2.039
-0.067567 0.27992 2.027
-0.028786 0.27826 2.015
0.0098238 0.28489 2.063
0.050024 0.29014 2.101
0.090043 0.29014 2.101
0.13248 0.29552 2.14
0.17656 0.30119 2.181
0.62347 0.3172 2.297
0.66258 0.315 2.281
0.68807 0.30699 2.223
0.73041 0.30699 2.223
0.76268 0.30298 2.194
0.80447 0.30298 2.194
0.84626 0.30298 2.194
0.87712 0.29925 2.167
0.90695 0.29552 2.14
0.9362 0.29193 2.114
0.97647 0.29193 2.114
1.0167 0.29193 2.114
1.0505 0.29014 2.101
1.0775 0.28669 2.076
1.1171 0.28669 2.076
1.136 0.28158 2.039
-0.083993 0.28714 2.051
-0.044401 0.28378 2.027
-0.00586 0.28714 2.051
0.033806 0.29232 2.088
0.074035 0.29414 2.101
0.11476 0.29596 2.114
0.15789 0.30142 2.153
0.20666 0.31318 2.237
0.60175 0.31934 2.281
0.64095 0.31724 2.266
0.67536 0.31318 2.237
0.70417 0.30716 2.194
0.74596 0.30716 2.194
0.78308 0.30534 2.181
0.82463 0.30534 2.181
0.86061 0.30338 2.167
0.88524 0.29778 2.127
0.92009 0.29596 2.114
0.94855 0.29232 2.088
1.0006 0.29596 2.114
1.0281 0.29232 2.088
1.0489 0.28714 2.051
1.0816 0.28546 2.039
1.1271 0.28714 2.051
-0.092344 0.29275 2.063
-0.052123 0.28764 2.027
-0.013593 0.28934 2.039
0.025703 0.29459 2.076
0.066031 0.29814 2.101
0.10671 0.29999 2.114
0.14968 0.30552 2.153
0.19813 0.31744 2.237
0.55347 0.32596 2.297
0.58916 0.32156 2.266
0.63232 0.32156 2.266
0.66684 0.31744 2.237
0.69581 0.31134 2.194
0.73323 0.30949 2.181
0.7698 0.30751 2.167
0.79611 0.30183 2.127
0.83662 0.30183 2.127
0.87177 0.29999 2.114
0.90643 0.29814 2.101
0.94059 0.2963 2.088
0.98647 0.29814 2.101
1.0143 0.29459 2.076
1.0472 0.29275 2.063
1.0676 0.28764 2.027
1.1062 0.28764 2.027
-0.060199 0.29323 2.039
-0.021361 0.29323 2.039
0.017794 0.29855 2.076
0.058028 0.30214 2.101
0.098653 0.30401 2.114
0.14063 0.30775 2.14
0.18843 0.31969 2.223
0.50096 0.33033 2.297
0.54472 0.33033 2.297
0.58053 0.32587 2.266
0.61571 0.3217 2.237
0.65832 0.3217 2.237
0.68338 0.31365 2.181
0.72027 0.31164 2.167
0.75663 0.30962 2.153
0.788 0.30588 2.127
0.82345 0.30401 2.114
0.85841 0.30214 2.101
0.89287 0.30027 2.088
0.93264 0.30027 2.088
0.96682 0.29855 2.076
1.0122 0.30027 2.088
1.0273 0.29323 2.039
1.0598 0.2915 2.027
1.0854 0.28805 2.003
1.1107 0.28474 1.98
-0.068367 0.29886 2.051
-0.029129 0.29711 2.039
0.0098238 0.30061 2.063
0.050024 0.30615 2.101
0.090043 0.30615 2.101
0.13248 0.31183 2.14
0.17761 0.3197 2.194
0.49221 0.33471 2.297
0.53223 0.33237 2.281
0.56836 0.32815 2.252
0.60339 0.32392 2.223
0.64573 0.32392 2.223
0.67507 0.3178 2.181
0.71201 0.31576 2.167
0.7439 0.31183 2.14
0.77513 0.30804 2.114
0.8154 0.30804 2.114
0.84514 0.30425 2.088
0.88491 0.30425 2.088
0.92469 0.30425 2.088
0.95291 0.30061 2.063
0.99846 0.3025 2.076
1.0195 0.29711 2.039
1.0397 0.29187 2.003
1.0654 0.28851 1.98
1.097 0.28691 1.969
-0.076626 0.30454 2.063
-0.036896 0.301 2.039
0.0019648 0.30454 2.063
0.04202 0.31015 2.101
0.082039 0.31015 2.101
0.12357 0.31399 2.127
0.16825 0.32196 2.181
0.21662 0.33244 2.252
0.4801 0.33672 2.281
0.51689 0.33244 2.252
0.55605 0.33022 2.237
0.58716 0.32388 2.194
0.62895 0.32388 2.194
0.66676 0.32196 2.181
0.69921 0.31782 2.153
0.73128 0.31399 2.127
0.76236 0.31015 2.101
0.79742 0.30823 2.088
0.83719 0.30823 2.088
0.86646 0.30454 2.063
0.90576 0.30454 2.063
0.93955 0.30277 2.051
0.98435 0.30454 2.063
1.0058 0.29922 2.027
1.0264 0.29406 1.992
1.052 0.29066 1.969
1.0834 0.28904 1.958
-0.085509 0.31221 2.088
-0.044927 0.30667 2.051
-0.0058943 0.30847 2.063
0.033806 0.31221 2.088
0.074035 0.31415 2.101
0.11547 0.31804 2.127
0.15994 0.32611 2.181
0.20804 0.33673 2.252
0.43096 0.34346 2.297
0.47471 0.34346 2.297
0.50492 0.33448 2.237
0.54753 0.33448 2.237
0.5788 0.32806 2.194
0.61691 0.32611 2.181
0.65845 0.32611 2.181
0.68267 0.31804 2.127
0.71876 0.31609 2.114
0.74969 0.31221 2.088
0.78493 0.31041 2.076
0.82923 0.31221 2.088
0.85361 0.30667 2.051
0.89267 0.30667 2.051
0.92629 0.30488 2.039
0.95945 0.30308 2.027
0.98624 0.2995 2.003
1.0126 0.29606 1.98
1.0387 0.29277 1.958
1.076 0.29277 1.958
-0.094045 0.31815 2.101
-0.05274 0.31058 2.051
-0.013673 0.31058 2.051
0.026012 0.31815 2.101
0.066031 0.31815 2.101
0.10671 0.32012 2.114
0.15066 0.32815 2.167
0.19946 0.34102 2.252
0.37846 0.34783 2.297
0.42221 0.34783 2.297
0.46272 0.34541 2.281
0.49329 0.33663 2.223
0.53202 0.33435 2.208
0.57044 0.33223 2.194
0.60079 0.32603 2.153
0.64597 0.32815 2.167
0.67044 0.32012 2.114
0.70634 0.31815 2.101
0.73747 0.31437 2.076
0.77702 0.31437 2.076
0.80201 0.30876 2.039
0.84579 0.31058 2.051
0.87451 0.30695 2.027
0.9023 0.30331 2.003
0.94046 0.30331 2.003
0.97323 0.30165 1.992
0.98833 0.29483 1.947
1.0254 0.29483 1.947
1.0685 0.2965 1.958
-0.060908 0.31633 2.063
-0.021487 0.31449 2.051
0.017897 0.32016 2.088
0.058028 0.32215 2.101
0.098653 0.32415 2.114
0.14063 0.32813 2.14
0.18843 0.34086 2.223
0.36971 0.35221 2.297
0.40788 0.34745 2.266
0.44826 0.34531 2.252
0.4785 0.33641 2.194
0.52029 0.33641 2.194
0.55875 0.33442 2.181
0.59259 0.33013 2.153
0.62595 0.32614 2.127
0.65831 0.32215 2.101
0.69401 0.32016 2.088
0.72078 0.31449 2.051
0.76429 0.31633 2.063
0.78956 0.31081 2.027
0.82817 0.31081 2.027
0.86165 0.30897 2.015
0.89467 0.30713 2.003
0.9277 0.30544 1.992
0.95983 0.3036 1.98
0.98092 0.29854 1.947
1.0123 0.29685 1.936
1.0551 0.29854 1.947
1.0681 0.29195 1.904
-0.078037 0.32616 2.101
-0.037113 0.31839 2.051
0.0019771 0.32227 2.076
0.04202 0.32616 2.101
0.082039 0.32616 2.101
0.12432 0.33221 2.14
0.16925 0.34059 2.194
0.21941 0.3541 2.281
0.30845 0.35658 2.297
0.34975 0.3541 2.281
0.39062 0.35177 2.266
0.42823 0.34727 2.237
0.46178 0.34059 2.194
0.50059 0.33857 2.181
0.53865 0.3364 2.167
0.57993 0.3364 2.167
0.60974 0.33019 2.127
0.64231 0.32616 2.101
0.66998 0.32026 2.063
0.70928 0.32026 2.063
0.73987 0.31653 2.039
0.77412 0.31467 2.027
0.80792 0.3128 2.015
0.84126 0.31094 2.003
0.86931 0.30737 1.98
0.90199 0.30566 1.969
0.93949 0.30566 1.969
0.96608 0.30225 1.947
0.99183 0.29883 1.925
1.0344 0.30054 1.936
1.048 0.29402 1.894
-0.053383 0.32623 2.076
-0.013753 0.32419 2.063
0.026012 0.33016 2.101
0.066031 0.33016 2.101
0.10736 0.33424 2.127
0.15066 0.34053 2.167
0.19946 0.35389 2.252
0.29095 0.36096 2.297
0.33237 0.35844 2.281
0.36857 0.35153 2.237
0.41118 0.35153 2.237
0.45095 0.34933 2.223
0.48087 0.34053 2.167
0.52214 0.34053 2.167
0.55978 0.33833 2.153
0.58991 0.3322 2.114
0.61885 0.32623 2.076
0.65427 0.32419 2.063
0.69356 0.32419 2.063
0.72007 0.31853 2.027
0.75868 0.31853 2.027
0.78785 0.31476 2.003
0.82146 0.31303 1.992
0.84474 0.30769 1.958
0.88203 0.30769 1.958
0.92449 0.30941 1.969
0.95125 0.30596 1.947
0.97209 0.30093 1.915
1.0086 0.30093 1.915
1.039 0.2992 1.904
-0.070033 0.33416 2.101
-0.029471 0.32812 2.063
0.010005 0.33416 2.101
0.050024 0.33416 2.101
0.090043 0.33416 2.101
0.13248 0.34036 2.14
0.17874 0.35118 2.208
0.2281 0.36279 2.281
0.26976 0.3604 2.266
0.31292 0.3604 2.266
0.34933 0.35356 2.223
0.39414 0.35579 2.237
0.43109 0.35118 2.208
0.46436 0.34466 2.167
0.50563 0.34466 2.167
0.53681 0.33829 2.127
0.5738 0.33623 2.114
0.60651 0.33209 2.088
0.63112 0.3243 2.039
0.66996 0.3243 2.039
0.70045 0.32048 2.015
0.73883 0.32048 2.015
0.77259 0.31857 2.003
0.80629 0.31682 1.992
0.82982 0.31142 1.958
0.86224 0.30967 1.947
0.90441 0.31142 1.958
0.93641 0.30967 1.947
0.9575 0.30458 1.915
0.98308 0.30124 1.894
1.0192 0.30124 1.894
1.0435 0.2979 1.873
-0.086573 0.34025 2.114
-0.04519 0.33204 2.063
-0.0059314 0.33414 2.076
0.034016 0.33816 2.101
0.074035 0.33816 2.101
0.11547 0.34235 2.127
0.16089 0.35313 2.194
0.20934 0.36472 2.266
0.25094 0.36246 2.252
0.29188 0.36005 2.237
0.33239 0.3578 2.223
0.37221 0.35538 2.208
0.41164 0.35313 2.194
0.45074 0.35104 2.181
0.48303 0.34444 2.14
0.51743 0.34025 2.114
0.54767 0.33414 2.076
0.59061 0.33607 2.088
0.61558 0.32818 2.039
0.65442 0.32818 2.039
0.68918 0.32625 2.027
0.71917 0.32239 2.003
0.75317 0.32062 1.992
0.78197 0.31692 1.969
0.81032 0.31337 1.947
0.83783 0.30983 1.925
0.88449 0.31337 1.947
0.92158 0.31337 1.947
0.93749 0.30645 1.904
0.96302 0.30307 1.883
1.0047 0.30484 1.894
1.0238 0.29985 1.863
-0.061646 0.34005 2.088
-0.021612 0.33597 2.063
0.018009 0.34216 2.101
0.058387 0.34428 2.114
0.098653 0.34428 2.114
0.14148 0.35063 2.153
0.18843 0.36203 2.223
0.23523 0.36903 2.266
0.27311 0.36203 2.223
0.31545 0.36203 2.223
0.35313 0.35731 2.194
0.39492 0.35731 2.194
0.43134 0.35291 2.167
0.46389 0.3464 2.127
0.49824 0.34216 2.101
0.52852 0.33597 2.063
0.56782 0.33597 2.063
0.60005 0.33207 2.039
0.63137 0.32816 2.015
0.66576 0.3262 2.003
0.70005 0.32441 1.992
0.73354 0.32246 1.98
0.76697 0.32067 1.969
0.79099 0.31529 1.936
0.81889 0.31187 1.915
0.86475 0.31529 1.936
0.90162 0.31529 1.936
0.92299 0.31008 1.904
0.94867 0.30666 1.883
0.98454 0.30666 1.883
1.0041 0.30177 1.853
1.0338 0.30015 1.843
-0.07852 0.34831 2.114
-0.03733 0.3399 2.063
0.0019886 0.34402 2.088
0.04228 0.34831 2.114
0.082547 0.34831 2.114
0.12432 0.35259 2.14
0.16925 0.36149 2.194
0.21662 0.37104 2.252
0.25445 0.36379 2.208
0.29288 0.35935 2.181
0.33442 0.35935 2.181
0.37355 0.35704 2.167
0.41483 0.35704 2.167
0.44495 0.34831 2.114
0.48223 0.34616 2.101
0.51603 0.34205 2.076
0.54246 0.33397 2.027
0.58451 0.33595 2.039
0.61235 0.33002 2.003
0.6505 0.33002 2.003
0.68074 0.32623 1.98
0.71447 0.32442 1.969
0.74777 0.3226 1.958
0.78065 0.32079 1.947
0.8085 0.31717 1.925
0.84078 0.31552 1.915
0.88687 0.31898 1.936
0.90371 0.31206 1.894
0.93433 0.31025 1.883
0.95989 0.30695 1.863
0.99003 0.3053 1.853
1.0143 0.30201 1.833
-0.053383 0.346 2.076
-0.013753 0.34383 2.063
0.026334 0.3545 2.127
0.066031 0.35017 2.101
0.10802 0.35667 2.14
0.15163 0.3635 2.181
0.19813 0.37283 2.237
0.24074 0.37283 2.237
0.27626 0.3635 2.181
0.31576 0.36117 2.167
0.35473 0.35883 2.153
0.38857 0.35233 2.114
0.4262 0.35017 2.101
0.46334 0.348 2.088
0.49708 0.34383 2.063
0.53014 0.33983 2.039
0.56563 0.33783 2.027
0.60066 0.33583 2.015
0.63175 0.332 1.992
0.66196 0.32817 1.969
0.69165 0.3245 1.947
0.72873 0.3245 1.947
0.76582 0.3245 1.947
0.79383 0.32083 1.925
0.82144 0.31733 1.904
0.85771 0.31733 1.904
0.88411 0.31383 1.883
0.91509 0.31217 1.873
0.94062 0.30883 1.853
0.96064 0.304 1.824
1.0003 0.3055 1.833
-0.066031 0.35417 2.101
-0.025542 0.34776 2.063
0.014093 0.35636 2.114
0.05436 0.35636 2.114
0.095209 0.35855 2.127
0.13738 0.36293 2.153
0.18295 0.37221 2.208
0.22653 0.37473 2.223
0.2638 0.36765 2.181
0.30142 0.36293 2.153
0.34036 0.36074 2.14
0.37649 0.35636 2.114
0.4142 0.35417 2.101
0.44881 0.34995 2.076
0.48247 0.34574 2.051
0.52154 0.34574 2.051
0.55077 0.33967 2.015
0.58564 0.33765 2.003
0.62037 0.33579 1.992
0.64707 0.33006 1.958
0.67668 0.32635 1.936
0.71355 0.32635 1.936
0.74617 0.3245 1.925
0.77429 0.32096 1.904
0.80162 0.31742 1.883
0.83749 0.31742 1.883
0.86872 0.31573 1.873
0.89956 0.31405 1.863
0.93003 0.31236 1.853
0.95491 0.30899 1.833
0.97416 0.3041 1.804
1.0085 0.3041 1.804
-0.084166 0.3863 2.266
-0.037113 0.34965 2.051
0.002001 0.35817 2.101
0.0428 0.36482 2.14
0.082547 0.36039 2.114
0.12432 0.36482 2.14
0.16925 0.37402 2.194
0.21104 0.37402 2.194
0.24972 0.36942 2.167
0.28912 0.36704 2.153
0.33013 0.36704 2.153
0.36217 0.35817 2.101
0.3997 0.35595 2.088
0.43421 0.35169 2.063
0.468 0.3476 2.039
0.50684 0.3476 2.039
0.53604 0.34146 2.003
0.57104 0.33959 1.992
0.60531 0.33754 1.98
0.63231 0.33192 1.947
0.6584 0.32646 1.915
0.69487 0.32646 1.915
0.73135 0.32646 1.915
0.76341 0.32459 1.904
0.79086 0.32101 1.883
0.83156 0.32288 1.894
0.85343 0.3176 1.863
0.88415 0.31589 1.853
0.90952 0.31248 1.833
0.93979 0.31095 1.824
0.95423 0.30447 1.786
0.99821 0.30754 1.804
-0.097757 0.3932 2.281
-0.048833 0.35355 2.051
-0.0098238 0.35562 2.063
0.030757 0.37114 2.153
0.070033 0.36217 2.101
0.1121 0.3689 2.14
0.15579 0.37596 2.181
0.19733 0.37596 2.181
0.23734 0.37355 2.167
0.27514 0.3689 2.14
0.31399 0.36665 2.127
0.348 0.35993 2.088
0.38554 0.35786 2.076
0.41997 0.35355 2.051
0.45635 0.35148 2.039
0.48936 0.34735 2.015
0.5246 0.34528 2.003
0.55629 0.34131 1.98
0.594 0.34131 1.98
0.61417 0.33183 1.925
0.65083 0.33183 1.925
0.68 0.32821 1.904
0.71627 0.32821 1.904
0.74858 0.32649 1.894
0.7801 0.32459 1.883
0.81163 0.32287 1.873
0.83826 0.31942 1.853
0.87356 0.31942 1.853
0.90395 0.3177 1.843
0.92937 0.31442 1.824
0.94403 0.30787 1.786
0.98298 0.30942 1.795
-0.11079 0.39755 2.281
-0.060908 0.35955 2.063
-0.021487 0.35746 2.051
0.018343 0.37297 2.14
0.058387 0.36844 2.114
0.099867 0.37297 2.14
0.14148 0.37524 2.153
0.18368 0.37768 2.167
0.2235 0.37524 2.153
0.26132 0.37071 2.127
0.30183 0.37071 2.127
0.33816 0.36617 2.101
0.37368 0.36182 2.076
0.40825 0.35746 2.051
0.44208 0.35328 2.027
0.47784 0.35119 2.015
0.51315 0.34909 2.003
0.53892 0.34125 1.958
0.57297 0.33933 1.947
0.60317 0.3355 1.925
0.63285 0.33184 1.904
0.66174 0.32818 1.883
0.70168 0.3301 1.894
0.73347 0.32818 1.883
0.76525 0.32644 1.873
0.79238 0.32295 1.853
0.82321 0.32121 1.843
0.85365 0.31947 1.833
0.88421 0.3179 1.824
0.90434 0.31284 1.795
0.93382 0.31127 1.786
0.96296 0.30971 1.777
0.99176 0.30814 1.768
-0.16845 0.40471 2.297
-0.12383 0.40189 2.281
-0.072696 0.36348 2.063
-0.033207 0.36137 2.051
0.0061143 0.37705 2.14
0.046876 0.37705 2.14
0.087106 0.37476 2.127
0.1284 0.37705 2.14
0.1713 0.3818 2.167
0.2112 0.37934 2.153
0.24916 0.37476 2.127
0.28791 0.37247 2.114
0.32414 0.36789 2.088
0.35955 0.36348 2.063
0.39421 0.35925 2.039
0.42795 0.35502 2.015
0.46355 0.35291 2.003
0.49319 0.34692 1.969
0.52476 0.34304 1.947
0.55867 0.3411 1.936
0.58571 0.33547 1.904
0.62197 0.33547 1.904
0.65098 0.33177 1.883
0.6832 0.33 1.873
0.71888 0.33 1.873
0.75052 0.32824 1.863
0.78179 0.32648 1.853
0.81268 0.32472 1.843
0.83904 0.32137 1.824
0.86899 0.31961 1.814
0.89408 0.31626 1.795
0.92362 0.31468 1.786
0.94316 0.30992 1.759
0.97666 0.30992 1.759
-0.31283 0.40908 2.297
-0.17912 0.40356 2.266
-0.13422 0.3984 2.237
-0.09161 0.3984 2.237
-0.044664 0.36314 2.039
-0.00604 0.37649 2.114
0.034648 0.38112 2.14
0.074035 0.37418 2.101
0.11617 0.38112 2.14
0.15693 0.38112 2.14
0.19649 0.37881 2.127
0.23133 0.36973 2.076
0.27087 0.36973 2.076
0.30847 0.36741 2.063
0.34574 0.36527 2.051
0.38256 0.36314 2.039
0.41643 0.35886 2.015
0.44962 0.35477 1.992
0.48194 0.35067 1.969
0.51074 0.34479 1.936
0.54761 0.34479 1.936
0.57483 0.33909 1.904
0.60788 0.33731 1.894
0.63682 0.33357 1.873
0.66891 0.33179 1.863
0.70061 0.33001 1.853
0.73591 0.33001 1.853
0.7712 0.33001 1.853
0.78952 0.32306 1.814
0.82407 0.32306 1.814
0.85389 0.32128 1.804
0.88826 0.32128 1.804
0.90881 0.31648 1.777
0.93311 0.31327 1.759
0.96661 0.31327 1.759
-0.32596 0.41346 2.297
-0.2822 0.41346 2.297
-0.23845 0.41346 2.297
-0.19334 0.41058 2.281
-0.147 0.40266 2.237
-0.10374 0.40014 2.223
-0.056647 0.36918 2.051
-0.017794 0.37368 2.076
0.022555 0.38754 2.153
0.06203 0.37818 2.101
0.10268 0.38052 2.114
0.14295 0.38052 2.114
0.18434 0.38286 2.127
0.22073 0.37584 2.088
0.25738 0.37134 2.063
0.29495 0.36918 2.051
0.33011 0.36486 2.027
0.3709 0.36702 2.039
0.40492 0.3627 2.015
0.4356 0.3564 1.98
0.46806 0.35244 1.958
0.49683 0.3465 1.925
0.5335 0.3465 1.925
0.56098 0.34092 1.894
0.59706 0.34092 1.894
0.62277 0.33534 1.863
0.65826 0.33534 1.863
0.6863 0.33174 1.843
0.7214 0.33174 1.843
0.7524 0.32994 1.833
0.77486 0.32472 1.804
0.80922 0.32472 1.804
0.84358 0.32472 1.804
0.86919 0.32148 1.786
0.88955 0.31662 1.759
0.92306 0.31662 1.759
0.95656 0.31662 1.759
-0.33908 0.41784 2.297
-0.29327 0.41492 2.281
-0.24982 0.41492 2.281
-0.20375 0.40965 2.252
-0.15979 0.40692 2.237
-0.11566 0.40165 2.208
-0.068367 0.37309 2.051
-0.029471 0.37527 2.063
0.010252 0.39164 2.153
0.050024 0.38218 2.101
0.090043 0.38218 2.101
0.13087 0.38455 2.114
0.16903 0.37982 2.088
0.2076 0.37763 2.076
0.24417 0.37309 2.051
0.28158 0.3709 2.039
0.31476 0.36436 2.003
0.35502 0.36654 2.015
0.39106 0.36436 2.003
0.42193 0.35817 1.969
0.4543 0.35417 1.947
0.48331 0.34835 1.915
0.51979 0.34835 1.915
0.55307 0.34635 1.904
0.57974 0.34071 1.873
0.61213 0.33889 1.863
0.64414 0.33707 1.853
0.67577 0.33525 1.843
0.71087 0.33525 1.843
0.73829 0.33179 1.824
0.76455 0.32816 1.804
0.78297 0.32161 1.768
0.82496 0.32488 1.786
0.85032 0.32161 1.768
0.8795 0.31997 1.759
0.913 0.31997 1.759
0.94167 0.31833 1.75
0.96497 0.31506 1.732
-0.39596 0.42221 2.297
-0.34975 0.41927 2.281
-0.30631 0.41927 2.281
-0.26113 0.41651 2.266
-0.21518 0.41118 2.237
-0.16925 0.40328 2.194
-0.12746 0.40328 2.194
-0.080555 0.3792 2.063
-0.04102 0.37699 2.051
-0.0020381 0.39335 2.14
0.038253 0.38857 2.114
0.077554 0.38379 2.088
0.11733 0.38379 2.088
0.1571 0.38379 2.088
0.19687 0.38379 2.088
0.23109 0.37479 2.039
0.26675 0.37038 2.015
0.30331 0.36817 2.003
0.33959 0.36615 1.992
0.37753 0.36615 1.992
0.40609 0.35788 1.947
0.44317 0.35788 1.947
0.47483 0.35383 1.925
0.50884 0.352 1.915
0.53934 0.34814 1.894
0.566 0.34244 1.863
0.60148 0.34244 1.863
0.62671 0.33692 1.833
0.66163 0.33692 1.833
0.68932 0.33343 1.814
0.71988 0.33159 1.804
0.74672 0.32828 1.786
0.7768 0.32663 1.777
0.80654 0.32498 1.768
0.84022 0.32498 1.768
0.8739 0.32498 1.768
0.89371 0.32001 1.741
0.93167 0.32167 1.75
0.95011 0.3167 1.723
-0.3604 0.42083 2.266
-0.31724 0.42083 2.266
-0.27057 0.41544 2.237
-0.22653 0.41284 2.223
-0.18295 0.41006 2.208
-0.14 0.40746 2.194
-0.096999 0.40244 2.167
-0.05274 0.3809 2.051
-0.014093 0.3926 2.114
0.026495 0.39743 2.14
0.064837 0.38313 2.063
0.10539 0.38777 2.088
0.14517 0.38777 2.088
0.18272 0.38313 2.063
0.21944 0.37867 2.039
0.25523 0.37421 2.015
0.29026 0.36994 1.992
0.32623 0.36771 1.98
0.36394 0.36771 1.98
0.39719 0.36363 1.958
0.42717 0.3575 1.925
0.46383 0.3575 1.925
0.49504 0.3536 1.904
0.52852 0.35174 1.894
0.55535 0.34599 1.863
0.58767 0.34413 1.853
0.61321 0.33874 1.824
0.64795 0.33874 1.824
0.67521 0.33503 1.804
0.70603 0.33336 1.795
0.7328 0.33001 1.777
0.76277 0.32834 1.768
0.79239 0.32667 1.759
0.83434 0.33001 1.777
0.8594 0.32667 1.759
0.8792 0.32166 1.732
0.91693 0.32333 1.741
0.92662 0.31534 1.698
-0.51409 0.43096 2.297
-0.42361 0.42796 2.281
-0.37533 0.42252 2.252
-0.33244 0.42252 2.252
-0.28581 0.41708 2.223
-0.2403 0.41164 2.194
-0.1985 0.41164 2.194
-0.15479 0.40657 2.167
-0.11278 0.40394 2.153
-0.068367 0.38481 2.051
-0.029829 0.39175 2.088
0.010129 0.39907 2.127
0.049119 0.38706 2.063
0.088971 0.3895 2.076
0.12697 0.38481 2.051
0.16603 0.38481 2.051
0.2039 0.38256 2.039
0.23845 0.3758 2.003
0.27509 0.37374 1.992
0.31114 0.37149 1.98
0.34304 0.36529 1.947
0.38013 0.36529 1.947
0.41036 0.35929 1.915
0.44683 0.35929 1.915
0.47523 0.35329 1.883
0.5111 0.35329 1.883
0.53825 0.34766 1.853
0.57045 0.34578 1.843
0.60227 0.34391 1.833
0.6271 0.33846 1.804
0.66147 0.33846 1.804
0.69236 0.33678 1.795
0.71562 0.33171 1.768
0.7493 0.33171 1.768
0.77899 0.33002 1.759
0.81249 0.33002 1.759
0.846 0.33002 1.759
0.866 0.32496 1.732
0.8855 0.32008 1.706
0.90938 0.31708 1.69
0.94157 0.31708 1.69
-0.57534 0.43534 2.297
-0.53159 0.43534 2.297
-0.48126 0.42946 2.266
-0.43809 0.42946 2.266
-0.39249 0.42681 2.252
-0.34727 0.42396 2.237
-0.30071 0.41847 2.208
-0.25701 0.41582 2.194
-0.21395 0.41335 2.181
-0.17019 0.40804 2.153
-0.12918 0.40804 2.153
-0.085509 0.39573 2.088
-0.044927 0.38871 2.051
-0.0060029 0.39819 2.101
0.033611 0.39345 2.076
0.072273 0.38871 2.051
0.11134 0.38871 2.051
0.15129 0.39099 2.063
0.18726 0.38416 2.027
0.22453 0.38189 2.015
0.25991 0.37753 1.992
0.29441 0.37317 1.969
0.32821 0.369 1.947
0.36323 0.36692 1.936
0.39577 0.36294 1.915
0.42976 0.36085 1.904
0.46089 0.35687 1.883
0.49148 0.35308 1.863
0.52413 0.35119 1.853
0.55641 0.34929 1.843
0.58542 0.34569 1.824
0.6103 0.3402 1.795
0.64449 0.3402 1.795
0.67188 0.33678 1.777
0.70572 0.33678 1.777
0.72833 0.33167 1.75
0.76558 0.33337 1.759
0.795 0.33167 1.75
0.82833 0.33167 1.75
0.86167 0.33167 1.75
0.86841 0.32181 1.698
0.8965 0.3203 1.69
0.92375 0.31859 1.681
-0.59284 0.43971 2.297
-0.54527 0.43665 2.281
-0.49852 0.43378 2.266
-0.45536 0.43378 2.266
-0.40965 0.4311 2.252
-0.36203 0.42555 2.223
-0.31552 0.41999 2.194
-0.27211 0.41751 2.181
-0.22908 0.41483 2.167
-0.18781 0.41483 2.167
-0.14383 0.40717 2.127
-0.10268 0.40468 2.114
-0.060553 0.39262 2.051
-0.021874 0.3997 2.088
0.017897 0.3997 2.088
0.056315 0.39032 2.039
0.095153 0.39032 2.039
0.13241 0.38573 2.015
0.1708 0.38573 2.015
0.20918 0.38573 2.015
0.24473 0.38133 1.992
0.27629 0.37271 1.947
0.31337 0.37271 1.947
0.3465 0.3685 1.925
0.37899 0.36448 1.904
0.41307 0.36257 1.894
0.44417 0.35855 1.873
0.47472 0.35472 1.853
0.51002 0.35472 1.853
0.53943 0.35089 1.833
0.56839 0.34725 1.814
0.59962 0.34534 1.804
0.62765 0.34189 1.786
0.655 0.33845 1.768
0.68517 0.33672 1.759
0.715 0.335 1.75
0.74833 0.335 1.75
0.77765 0.33328 1.741
0.80662 0.33155 1.732
0.84397 0.33328 1.741
0.85547 0.32505 1.698
0.87892 0.32179 1.681
0.90661 0.32026 1.673
0.9295 0.3172 1.657
-0.61035 0.44409 2.297
-0.55895 0.43809 2.266
-0.51578 0.43809 2.266
-0.46657 0.43249 2.237
-0.42396 0.43249 2.237
-0.37181 0.42166 2.181
-0.33027 0.42166 2.181
-0.28687 0.41895 2.167
-0.24559 0.41895 2.167
-0.203 0.41625 2.153
-0.16003 0.41122 2.127
-0.11806 0.40619 2.101
-0.07618 0.39653 2.051
-0.03733 0.39885 2.063
0.0019771 0.40136 2.076
0.04078 0.39421 2.039
0.07915 0.39189 2.027
0.11636 0.38725 2.003
0.15452 0.38725 2.003
0.19046 0.3828 1.98
0.22955 0.38512 1.992
0.26145 0.37642 1.947
0.29517 0.37217 1.925
0.33011 0.37023 1.915
0.36659 0.37023 1.915
0.39633 0.36405 1.883
0.4299 0.36211 1.873
0.4606 0.35825 1.853
0.49322 0.35631 1.843
0.52288 0.35264 1.824
0.54876 0.34703 1.795
0.58295 0.34703 1.795
0.61404 0.34529 1.786
0.64153 0.34181 1.768
0.67177 0.34007 1.759
0.69806 0.33659 1.741
0.72744 0.33485 1.732
0.76043 0.33485 1.732
0.79342 0.33485 1.732
0.82212 0.33311 1.723
0.83856 0.32673 1.69
0.86612 0.32499 1.681
0.89386 0.32345 1.673
0.91687 0.32035 1.657
-0.61937 0.44241 2.266
-0.57621 0.44241 2.266
-0.52976 0.43968 2.252
-0.48059 0.43401 2.223
-0.43825 0.43401 2.223
-0.39074 0.42835 2.194
-0.34466 0.42308 2.167
-0.30338 0.42308 2.167
-0.26041 0.42035 2.153
-0.2194 0.42035 2.153
-0.17624 0.41527 2.127
-0.13406 0.4102 2.101
-0.09127 0.39809 2.039
-0.05274 0.40043 2.051
-0.013753 0.40278 2.063
0.025245 0.39809 2.039
0.063706 0.39575 2.027
0.1011 0.39106 2.003
0.13849 0.38891 1.992
0.17643 0.38891 1.992
0.21072 0.38228 1.958
0.24662 0.38013 1.947
0.2805 0.37583 1.925
0.31717 0.37583 1.925
0.34997 0.37173 1.904
0.38198 0.36763 1.883
0.41785 0.36763 1.883
0.44408 0.35982 1.843
0.47918 0.35982 1.843
0.5034 0.35221 1.804
0.53508 0.35045 1.795
0.56642 0.3487 1.786
0.59438 0.34518 1.768
0.62806 0.34518 1.768
0.65163 0.33991 1.741
0.68125 0.33815 1.732
0.71053 0.3364 1.723
0.75112 0.33991 1.741
0.77257 0.33483 1.715
0.80101 0.33308 1.706
0.82569 0.32995 1.69
0.85331 0.3282 1.681
0.8769 0.32507 1.665
0.90425 0.32351 1.657
-0.63664 0.44673 2.266
-0.58981 0.44397 2.252
-0.54327 0.44101 2.237
-0.50066 0.44101 2.237
-0.45211 0.43529 2.208
-0.40504 0.42997 2.181
-0.3635 0.42997 2.181
-0.3159 0.42189 2.14
-0.27347 0.41932 2.127
-0.23438 0.42189 2.14
-0.19127 0.41676 2.114
-0.14829 0.40927 2.076
-0.10618 0.39961 2.027
-0.067567 0.39961 2.027
-0.0293 0.40434 2.051
0.0097095 0.40197 2.039
0.047976 0.39724 2.015
0.085371 0.39271 1.992
0.12331 0.39271 1.992
0.1594 0.38817 1.969
0.1947 0.38384 1.947
0.23048 0.38167 1.936
0.26583 0.3795 1.925
0.29763 0.37339 1.894
0.3337 0.37339 1.894
0.36978 0.37339 1.894
0.40136 0.36925 1.873
0.4277 0.36136 1.833
0.46514 0.36333 1.843
0.48721 0.35387 1.795
0.5214 0.35387 1.795
0.55281 0.3521 1.786
0.58387 0.35032 1.777
0.61459 0.34855 1.768
0.64167 0.345 1.75
0.66459 0.33968 1.723
0.6974 0.33968 1.723
0.72683 0.3381 1.715
0.75551 0.33633 1.706
0.78431 0.33475 1.698
0.80848 0.3314 1.681
0.8285 0.32667 1.657
0.86006 0.32667 1.657
0.88732 0.32509 1.649
0.91427 0.32351 1.641
-0.70168 0.45403 2.281
-0.65823 0.45403 2.281
-0.60292 0.44527 2.237
-0.55681 0.44248 2.223
-0.51771 0.44527 2.237
-0.46596 0.43671 2.194
-0.42166 0.43412 2.181
-0.37768 0.43134 2.167
-0.33019 0.42337 2.127
-0.28968 0.42337 2.127
-0.24764 0.42079 2.114
-0.20737 0.42079 2.114
-0.1641 0.41322 2.076
-0.12162 0.40347 2.027
-0.082519 0.40108 2.015
-0.044664 0.40586 2.039
-0.0057571 0.40108 2.015
0.032251 0.3965 1.992
0.070194 0.3965 1.992
0.10749 0.39411 1.98
0.14197 0.38536 1.936
0.17987 0.38755 1.947
0.21339 0.38118 1.915
0.24986 0.38118 1.915
0.28155 0.37481 1.883
0.31573 0.37282 1.873
0.35141 0.37282 1.873
0.38089 0.36684 1.843
0.41373 0.36485 1.833
0.43714 0.3555 1.786
0.47591 0.35908 1.804
0.50518 0.3555 1.786
0.53377 0.35192 1.768
0.56744 0.35192 1.768
0.595 0.34833 1.75
0.6251 0.34654 1.741
0.65146 0.34296 1.723
0.67753 0.33958 1.706
0.71002 0.33958 1.706
0.73164 0.3346 1.681
0.76774 0.33639 1.69
0.79567 0.3346 1.681
0.81981 0.33141 1.665
0.84335 0.32823 1.649
0.87476 0.32823 1.649
0.89353 0.32365 1.626
-0.81161 0.46159 2.297
-0.76251 0.45837 2.281
-0.71906 0.45837 2.281
-0.67117 0.45536 2.266
-0.61997 0.44953 2.237
-0.57375 0.44672 2.223
-0.52447 0.44089 2.194
-0.47982 0.43828 2.181
-0.43546 0.43546 2.167
-0.38928 0.43004 2.14
-0.3464 0.42743 2.127
-0.30214 0.4222 2.101
-0.26212 0.4222 2.101
-0.21809 0.41456 2.063
-0.17879 0.41456 2.063
-0.13869 0.41215 2.051
-0.097871 0.40492 2.015
-0.05949 0.40492 2.015
-0.020984 0.40251 2.003
0.017169 0.40251 2.003
0.054686 0.39789 1.98
0.0924 0.39789 1.98
0.12722 0.38904 1.936
0.16317 0.38683 1.925
0.1988 0.38482 1.915
0.23392 0.38261 1.904
0.26721 0.37839 1.883
0.29985 0.37437 1.863
0.33534 0.37437 1.863
0.36884 0.37236 1.853
0.39781 0.36654 1.824
0.42781 0.36252 1.804
0.45525 0.35709 1.777
0.48662 0.35528 1.768
0.51765 0.35348 1.759
0.54551 0.34986 1.741
0.57568 0.34805 1.732
0.615 0.35167 1.75
0.63537 0.34463 1.715
0.66453 0.34282 1.706
0.69702 0.34282 1.706
0.71199 0.33459 1.665
0.75487 0.33961 1.69
0.77914 0.33619 1.673
0.80713 0.33459 1.665
0.82322 0.32836 1.634
0.85435 0.32836 1.634
0.88114 0.32675 1.626
0.90369 0.32373 1.611
-0.82473 0.46596 2.297
-0.77554 0.46272 2.281
-0.73209 0.46272 2.281
-0.67113 0.45095 2.223
-0.63275 0.45379 2.237
-0.5788 0.44507 2.194
-0.53383 0.44243 2.181
-0.48596 0.43675 2.153
-0.44495 0.43675 2.153
-0.39907 0.43148 2.127
-0.35636 0.42884 2.114
-0.31221 0.42357 2.088
-0.27413 0.4262 2.101
-0.22988 0.41849 2.063
-0.18947 0.41606 2.051
-0.14777 0.40876 2.015
-0.10873 0.40632 2.003
-0.070582 0.40632 2.003
-0.032251 0.40409 1.992
0.0056914 0.40409 1.992
0.04313 0.39943 1.969
0.080185 0.39719 1.958
0.11616 0.39273 1.936
0.15138 0.38847 1.915
0.18677 0.38624 1.904
0.22058 0.38198 1.883
0.25508 0.37995 1.873
0.28766 0.37589 1.853
0.32295 0.37589 1.853
0.35438 0.37184 1.833
0.38314 0.36595 1.804
0.41541 0.36413 1.795
0.44284 0.35865 1.768
0.47167 0.355 1.75
0.5076 0.35683 1.759
0.5328 0.35135 1.732
0.56579 0.35135 1.732
0.59567 0.34952 1.723
0.62557 0.3479 1.715
0.65171 0.34445 1.698
0.67398 0.33938 1.673
0.70585 0.33938 1.673
0.74124 0.341 1.681
0.7659 0.33776 1.665
0.79378 0.33613 1.657
0.81389 0.33147 1.634
0.84087 0.32985 1.626
0.86756 0.32822 1.618
0.89449 0.3268 1.611
-0.83087 0.46399 2.266
-0.7877 0.46399 2.266
-0.73501 0.45805 2.237
-0.68807 0.45519 2.223
-0.6498 0.45805 2.237
-0.59199 0.44659 2.181
-0.54691 0.44372 2.167
-0.49933 0.43819 2.14
-0.45857 0.43819 2.14
-0.41527 0.43553 2.127
-0.36577 0.42509 2.076
-0.32623 0.42509 2.076
-0.28669 0.42509 2.076
-0.2456 0.42242 2.063
-0.2039 0.41751 2.039
-0.16312 0.4126 2.015
-0.124 0.41014 2.003
-0.084857 0.40543 1.98
-0.047143 0.40543 1.98
-0.0093762 0.40318 1.969
0.027971 0.40092 1.958
0.064533 0.39642 1.936
0.10083 0.39417 1.925
0.13679 0.39212 1.915
0.17037 0.38557 1.883
0.20514 0.38352 1.873
0.2421 0.38557 1.883
0.27354 0.37942 1.853
0.30717 0.37738 1.843
0.34041 0.37533 1.833
0.37144 0.37144 1.814
0.40174 0.36755 1.795
0.42937 0.36202 1.768
0.46069 0.36018 1.759
0.49167 0.35833 1.75
0.5223 0.35649 1.741
0.55259 0.35465 1.732
0.57983 0.35117 1.715
0.60643 0.34769 1.698
0.63576 0.34605 1.69
0.6644 0.3442 1.681
0.68647 0.33929 1.657
0.71803 0.33929 1.657
0.75321 0.34093 1.665
0.77739 0.33765 1.649
0.8088 0.33765 1.649
0.82441 0.3313 1.618
0.85153 0.32987 1.611
0.88221 0.32987 1.611
-0.90349 0.47471 2.297
-0.84813 0.46831 2.266
-0.8 0.46541 2.252
-0.74735 0.45942 2.223
-0.70025 0.45632 2.208
-0.65015 0.45074 2.181
-0.61223 0.45343 2.194
-0.55978 0.44495 2.153
-0.51564 0.44227 2.14
-0.47199 0.43958 2.127
-0.42884 0.43689 2.114
-0.38618 0.43421 2.101
-0.3399 0.42635 2.063
-0.3025 0.42904 2.076
-0.25979 0.42387 2.051
-0.21685 0.41643 2.015
-0.17953 0.41891 2.027
-0.13926 0.41395 2.003
-0.10055 0.41168 1.992
-0.061883 0.40693 1.969
-0.024378 0.40693 1.969
0.01298 0.40238 1.947
0.0495 0.39783 1.925
0.085719 0.39577 1.915
0.12149 0.39349 1.904
0.15693 0.39143 1.894
0.19087 0.38709 1.873
0.22533 0.38502 1.863
0.25942 0.38295 1.853
0.29312 0.38089 1.843
0.32306 0.37489 1.814
0.35387 0.37097 1.795
0.38806 0.37097 1.795
0.4159 0.36539 1.768
0.44271 0.35981 1.741
0.47341 0.35795 1.732
0.50904 0.35981 1.741
0.5341 0.35443 1.715
0.56115 0.35092 1.698
0.5907 0.34927 1.69
0.61957 0.34741 1.681
0.64849 0.34575 1.673
0.67059 0.34079 1.649
0.702 0.34079 1.649
0.74409 0.34575 1.673
0.76111 0.33914 1.641
0.79623 0.34079 1.649
0.80857 0.33294 1.611
0.83509 0.33129 1.603
0.86562 0.33129 1.603
0.88833 0.32839 1.589
-0.91457 0.47575 2.281
-0.8654 0.47262 2.266
-0.81171 0.46657 2.237
-0.75432 0.45761 2.194
-0.71253 0.45761 2.194
-0.66676 0.45489 2.181
-0.62121 0.45197 2.167
-0.56923 0.44363 2.127
-0.52871 0.44363 2.127
-0.48223 0.43821 2.101
-0.44495 0.44092 2.114
-0.3997 0.4355 2.088
-0.35562 0.43028 2.063
-0.31633 0.43028 2.063
-0.2722 0.42277 2.027
-0.2322 0.42027 2.015
-0.19382 0.42027 2.015
-0.15274 0.41297 1.98
-0.11439 0.41068 1.969
-0.076455 0.40838 1.958
-0.03916 0.40838 1.958
-0.0018438 0.40379 1.936
0.034652 0.39941 1.915
0.07072 0.39712 1.904
0.10699 0.39712 1.904
0.1425 0.39503 1.894
0.17565 0.38857 1.863
0.21001 0.38648 1.853
0.2453 0.38648 1.853
0.27908 0.3844 1.843
0.30924 0.37835 1.814
0.3419 0.37626 1.804
0.37063 0.37063 1.777
0.40243 0.36875 1.768
0.43167 0.365 1.75
0.46261 0.36312 1.741
0.49577 0.36312 1.741
0.52103 0.3577 1.715
0.54821 0.35415 1.698
0.58055 0.35415 1.698
0.60676 0.35061 1.681
0.63878 0.35061 1.681
0.66441 0.34727 1.665
0.68944 0.34393 1.649
0.71735 0.34227 1.641
0.74861 0.34227 1.641
0.78367 0.34393 1.649
0.80371 0.33914 1.626
0.82698 0.33601 1.611
0.85341 0.33434 1.603
0.87622 0.33142 1.589
-0.98224 0.48346 2.297
-0.92582 0.47694 2.266
-0.87136 0.47084 2.237
-0.82357 0.46789 2.223
-0.77103 0.46178 2.194
-0.72027 0.4561 2.167
-0.68338 0.45905 2.181
-0.6336 0.45316 2.153
-0.58543 0.44768 2.127
-0.53826 0.44221 2.101
-0.49515 0.43947 2.088
-0.45538 0.43947 2.088
-0.41561 0.43947 2.088
-0.36918 0.43169 2.051
-0.33011 0.43169 2.051
-0.28594 0.42411 2.015
-0.24756 0.42411 2.015
-0.20679 0.41927 1.992
-0.16978 0.42158 2.003
-0.12939 0.41443 1.969
-0.091373 0.41211 1.958
-0.05347 0.40748 1.936
-0.016594 0.40748 1.936
0.020167 0.40517 1.925
0.056213 0.40075 1.904
0.09248 0.40075 1.904
0.12733 0.39633 1.883
0.16146 0.39212 1.863
0.19589 0.39001 1.853
0.22994 0.38791 1.843
0.26231 0.38391 1.824
0.29379 0.3797 1.804
0.32816 0.3797 1.804
0.3589 0.37591 1.786
0.38896 0.37212 1.768
0.41618 0.36644 1.741
0.44702 0.36454 1.732
0.48001 0.36454 1.732
0.51034 0.36265 1.723
0.53527 0.35739 1.698
0.56193 0.35381 1.681
0.58547 0.34876 1.657
0.62299 0.35213 1.673
0.65173 0.35044 1.665
0.67359 0.34539 1.641
0.70485 0.34539 1.641
0.73297 0.34392 1.634
0.75661 0.34055 1.618
0.79521 0.34392 1.634
0.81066 0.33739 1.603
0.82598 0.33129 1.574
0.85596 0.33129 1.574
-1.0435 0.48784 2.297
-0.98625 0.48126 2.266
-0.93102 0.4751 2.237
-0.88285 0.47212 2.223
-0.84051 0.47212 2.223
-0.78308 0.4632 2.181
-0.73678 0.46023 2.167
-0.69101 0.45726 2.153
-0.65 0.45726 2.153
-0.59796 0.44897 2.114
-0.55083 0.44345 2.088
-0.51106 0.44345 2.088
-0.46858 0.4409 2.076
-0.43152 0.44345 2.088
-0.38481 0.43559 2.051
-0.34169 0.4305 2.027
-0.30129 0.42795 2.015
-0.25991 0.42306 1.992
-0.22197 0.42306 1.992
-0.18291 0.42051 1.98
-0.14439 0.41818 1.969
-0.1051 0.41117 1.936
-0.067833 0.40883 1.925
-0.031167 0.40883 1.925
0.0054714 0.40671 1.915
0.041488 0.40225 1.894
0.077113 0.39991 1.883
0.11238 0.39779 1.873
0.14727 0.39567 1.863
0.18079 0.39142 1.843
0.21589 0.39142 1.843
0.24705 0.38526 1.814
0.28005 0.38314 1.804
0.31284 0.38122 1.795
0.34529 0.37931 1.786
0.37167 0.37167 1.75
0.40292 0.36976 1.741
0.43382 0.36784 1.732
0.46682 0.36784 1.732
0.4949 0.36423 1.715
0.51988 0.35892 1.69
0.54913 0.35701 1.681
0.57285 0.35192 1.657
0.60733 0.35361 1.665
0.63597 0.35192 1.657
0.66109 0.34852 1.641
0.69235 0.34852 1.641
0.71346 0.34363 1.618
0.74428 0.34363 1.618
0.77893 0.34533 1.626
0.79147 0.33747 1.589
0.82174 0.33747 1.589
0.84396 0.33429 1.574
0.86617 0.33131 1.56
-1.061 0.49221 2.297
-1.0035 0.48557 2.266
-0.95442 0.48257 2.252
-0.89371 0.47314 2.208
-0.84124 0.46736 2.181
-0.7997 0.46736 2.181
-0.75329 0.46436 2.167
-0.70741 0.46136 2.153
-0.66238 0.45857 2.14
-0.61407 0.453 2.114
-0.57027 0.45021 2.101
-0.52697 0.44743 2.088
-0.48137 0.44207 2.063
-0.4395 0.4395 2.051
-0.40043 0.4395 2.051
-0.35291 0.42921 2.003
-0.31664 0.43179 2.015
-0.27509 0.42686 1.992
-0.23571 0.42429 1.98
-0.1969 0.42193 1.969
-0.1585 0.41957 1.958
-0.11985 0.41486 1.936
-0.0825 0.4125 1.925
-0.045595 0.41036 1.915
-0.009019 0.40586 1.894
0.027057 0.40586 1.894
0.062433 0.40136 1.873
0.09811 0.40136 1.873
0.13164 0.39493 1.843
0.16675 0.39493 1.843
0.19868 0.38871 1.814
0.23194 0.38657 1.804
0.26365 0.38271 1.786
0.29617 0.38079 1.777
0.32834 0.37886 1.768
0.36202 0.37886 1.768
0.38965 0.37307 1.741
0.42063 0.37114 1.732
0.45126 0.36921 1.723
0.48183 0.3675 1.715
0.5043 0.36021 1.681
0.52866 0.35507 1.657
0.55752 0.35336 1.649
0.58607 0.35164 1.641
0.62034 0.35336 1.649
0.64582 0.35014 1.634
0.6641 0.3435 1.603
0.6916 0.342 1.596
0.722 0.342 1.596
0.7524 0.342 1.596
0.7828 0.342 1.596
0.80556 0.33879 1.581
0.82457 0.33429 1.56
0.85045 0.33279 1.553
-1.1616 0.49659 2.297
-1.1179 0.49659 2.297
-1.0666 0.49313 2.281
-1.0102 0.48686 2.252
-0.95483 0.48059 2.223
-0.90633 0.47735 2.208
-0.85371 0.47151 2.181
-0.81216 0.47151 2.181
-0.76073 0.46546 2.153
-0.71537 0.46265 2.14
-0.67461 0.46265 2.14
-0.62615 0.45703 2.114
-0.57867 0.45141 2.088
-0.53581 0.44881 2.076
-0.49316 0.446 2.063
-0.44858 0.44081 2.039
-0.40974 0.44081 2.039
-0.36436 0.43303 2.003
-0.3262 0.43303 2.003
-0.28474 0.42806 1.98
-0.24566 0.42568 1.969
-0.20699 0.4233 1.958
-0.16874 0.42092 1.947
-0.12949 0.414 1.915
-0.093014 0.414 1.915
-0.056213 0.41163 1.904
-0.019842 0.40946 1.894
0.016234 0.40946 1.894
0.05173 0.40492 1.873
0.08694 0.40276 1.863
0.12111 0.39844 1.843
0.15537 0.39628 1.833
0.18831 0.39217 1.814
0.22163 0.39001 1.804
0.25472 0.38806 1.795
0.28601 0.38417 1.777
0.31338 0.37639 1.741
0.35192 0.38222 1.768
0.3797 0.37639 1.741
0.4067 0.37077 1.715
0.43501 0.36709 1.698
0.46047 0.36169 1.673
0.48999 0.35996 1.665
0.51669 0.3565 1.649
0.55076 0.35823 1.657
0.57669 0.35477 1.641
0.60536 0.35326 1.634
0.63025 0.3498 1.618
0.65821 0.34828 1.611
0.68547 0.34655 1.603
0.70975 0.34353 1.589
0.74654 0.34655 1.603
0.75623 0.33726 1.56
0.78594 0.33726 1.56
0.812 0.33574 1.553
0.83778 0.33423 1.546
-1.1748 0.50096 2.297
-1.1231 0.49748 2.281
-1.0797 0.49748 2.281
-1.0231 0.49115 2.252
-0.94925 0.47567 2.181
-0.91312 0.4785 2.194
-0.86617 0.47567 2.181
-0.81933 0.47261 2.167
-0.77303 0.46956 2.153
-0.7276 0.46672 2.14
-0.68267 0.46389 2.127
-0.63038 0.45538 2.088
-0.58721 0.45277 2.076
-0.54424 0.44993 2.063
-0.50201 0.44731 2.051
-0.45752 0.44208 2.027
-0.41643 0.43946 2.015
-0.3758 0.43684 2.003
-0.33377 0.43183 1.98
-0.29606 0.43183 1.98
-0.25691 0.42943 1.969
-0.21573 0.42223 1.936
-0.17783 0.41983 1.925
-0.14043 0.41765 1.915
-0.10336 0.41525 1.904
-0.066741 0.41307 1.894
-0.030665 0.41307 1.894
0.00538 0.41067 1.883
0.040809 0.40631 1.863
0.076294 0.40631 1.863
0.10998 0.39977 1.833
0.1426 0.39344 1.804
0.17608 0.39148 1.795
0.20922 0.38952 1.786
0.24078 0.38559 1.768
0.27586 0.38756 1.777
0.305 0.38167 1.75
0.33157 0.37403 1.715
0.36593 0.37578 1.723
0.39482 0.37207 1.706
0.4233 0.36858 1.69
0.45091 0.36487 1.673
0.48047 0.36313 1.665
0.50726 0.35964 1.649
0.53867 0.35964 1.649
0.5649 0.35637 1.634
0.58471 0.34961 1.603
0.61256 0.34808 1.596
0.649 0.35135 1.611
0.67336 0.34808 1.596
0.69715 0.34481 1.581
0.72726 0.34481 1.581
0.74731 0.34023 1.56
0.77354 0.3387 1.553
0.80312 0.3387 1.553
0.8252 0.33565 1.539
0.85062 0.33412 1.532
-1.1879 0.50534 2.297
-1.1362 0.50182 2.281
-1.0855 0.49852 2.266
-1.0424 0.49852 2.266
-0.96172 0.47982 2.181
-0.92566 0.48268 2.194
-0.86735 0.47366 2.153
-0.81636 0.46794 2.127
-0.77585 0.46794 2.127
-0.73983 0.4708 2.14
-0.68633 0.46222 2.101
-0.64231 0.45936 2.088
-0.59532 0.45386 2.063
-0.55279 0.45122 2.051
-0.51072 0.44858 2.039
-0.47188 0.44858 2.039
-0.4254 0.44066 2.003
-0.38512 0.43824 1.992
-0.34317 0.43318 1.969
-0.30566 0.43318 1.969
-0.26366 0.42592 1.936
-0.22679 0.42592 1.936
-0.18883 0.4235 1.925
-0.14885 0.41426 1.883
-0.11298 0.41426 1.883
-0.075885 0.40766 1.853
-0.040151 0.40326 1.833
-0.0053229 0.40986 1.863
0.029839 0.40546 1.843
0.065296 0.40766 1.853
0.099506 0.40326 1.833
0.13163 0.3949 1.795
0.16582 0.3949 1.795
0.19801 0.39094 1.777
0.22833 0.385 1.75
0.26167 0.385 1.75
0.295 0.385 1.75
0.32327 0.37906 1.723
0.35609 0.37906 1.723
0.38146 0.3718 1.69
0.41365 0.3718 1.69
0.43924 0.3663 1.665
0.46869 0.36454 1.657
0.49543 0.36102 1.641
0.52444 0.35948 1.634
0.55284 0.35772 1.626
0.57843 0.35442 1.611
0.60609 0.35266 1.603
0.63662 0.35266 1.603
0.66424 0.35112 1.596
0.68506 0.34628 1.574
0.71505 0.34628 1.574
0.74171 0.34474 1.567
0.76467 0.34166 1.553
0.79067 0.34012 1.546
0.8164 0.33858 1.539
0.83088 0.33264 1.512
-1.2448 0.50972 2.297
-1.1926 0.50616 2.281
-1.1492 0.50616 2.281
-1.0917 0.49973 2.252
-1.0418 0.4964 2.237
-0.97418 0.48397 2.181
-0.92665 0.48087 2.167
-0.87965 0.47776 2.153
-0.82852 0.47199 2.127
-0.788 0.47199 2.127
-0.74749 0.47199 2.127
-0.69401 0.46334 2.088
-0.65424 0.46334 2.088
-0.60358 0.45513 2.051
-0.55791 0.4498 2.027
-0.5193 0.4498 2.027
-0.48069 0.4498 2.027
-0.42943 0.43693 1.969
-0.39411 0.43937 1.98
-0.3564 0.43937 1.98
-0.31514 0.43449 1.958
-0.27317 0.42717 1.925
-0.23527 0.42495 1.915
-0.1988 0.42495 1.915
-0.16054 0.42029 1.894
-0.12308 0.41563 1.873
-0.08694 0.41341 1.863
-0.050626 0.40675 1.833
-0.015883 0.41119 1.853
0.019308 0.40897 1.843
0.054117 0.40675 1.833
0.088109 0.40254 1.814
0.12077 0.39632 1.786
0.15479 0.39632 1.786
0.1869 0.39233 1.768
0.21946 0.39033 1.759
0.25167 0.38833 1.75
0.285 0.38833 1.75
0.31342 0.38234 1.723
0.34463 0.38057 1.715
0.36982 0.37302 1.681
0.40399 0.37502 1.69
0.43179 0.37125 1.673
0.45701 0.36592 1.649
0.48398 0.36259 1.634
0.51258 0.36082 1.626
0.54355 0.36082 1.626
0.57452 0.36082 1.626
0.59693 0.35571 1.603
0.62198 0.35261 1.589
0.65225 0.35261 1.589
0.67607 0.34928 1.574
0.69977 0.34617 1.56
0.72294 0.34306 1.546
0.75239 0.34306 1.546
0.77829 0.34151 1.539
0.80394 0.33996 1.532
0.82224 0.33552 1.512
-1.2579 0.51409 2.297
-1.2057 0.51051 2.281
-1.1622 0.51051 2.281
-1.1046 0.50402 2.252
-1.0409 0.49417 2.208
-0.98664 0.48813 2.181
-0.92733 0.47895 2.14
-0.89196 0.48186 2.153
-0.84067 0.47604 2.127
-0.79527 0.47313 2.114
-0.74571 0.46731 2.088
-0.70594 0.46731 2.088
-0.66617 0.46731 2.088
-0.6117 0.45635 2.039
-0.57286 0.45635 2.039
-0.52774 0.45098 2.015
-0.48377 0.44583 1.992
-0.43822 0.43822 1.958
-0.40318 0.44068 1.969
-0.36363 0.43822 1.958
-0.32083 0.43083 1.925
-0.28417 0.43083 1.925
-0.2475 0.43083 1.925
-0.20744 0.4239 1.894
-0.17037 0.42143 1.883
-0.13307 0.41696 1.863
-0.097586 0.41696 1.863
-0.0611 0.41024 1.833
-0.026186 0.41024 1.833
0.0086857 0.40823 1.824
0.043429 0.40823 1.824
0.077743 0.40599 1.814
0.11 0.39771 1.777
0.14385 0.39771 1.777
0.1759 0.39368 1.759
0.20833 0.39167 1.75
0.23918 0.38764 1.732
0.27359 0.38965 1.741
0.30358 0.38562 1.723
0.33308 0.38182 1.706
0.36021 0.37622 1.681
0.39037 0.37443 1.673
0.42021 0.37264 1.665
0.44759 0.36906 1.649
0.47464 0.3657 1.634
0.50329 0.36391 1.626
0.53426 0.36391 1.626
0.56001 0.36056 1.611
0.5852 0.3572 1.596
0.60981 0.35384 1.581
0.63426 0.35071 1.567
0.66708 0.35228 1.574
0.68776 0.34758 1.553
0.71087 0.34444 1.539
0.74355 0.34601 1.546
0.7625 0.34131 1.525
0.78843 0.33997 1.519
0.81737 0.33997 1.519
0.83906 0.33706 1.506
-1.2107 0.51147 2.266
-1.1526 0.50492 2.237
-1.11 0.50492 2.237
-1.0607 0.50176 2.223
-0.98628 0.48596 2.153
-0.93385 0.48009 2.127
-0.89334 0.48009 2.127
-0.8424 0.47423 2.101
-0.79742 0.47129 2.088
-0.74857 0.46565 2.063
-0.70515 0.46294 2.051
-0.66609 0.46294 2.051
-0.61968 0.45752 2.027
-0.57419 0.45211 2.003
-0.5331 0.44962 1.992
-0.4867 0.44195 1.958
-0.45193 0.44443 1.969
-0.4098 0.43947 1.947
-0.37271 0.43947 1.947
-0.33011 0.43224 1.915
-0.29195 0.42976 1.904
-0.25716 0.43224 1.915
-0.21826 0.4275 1.894
-0.18016 0.42276 1.873
-0.14295 0.41825 1.853
-0.10765 0.41825 1.853
-0.071965 0.41599 1.843
-0.03648 0.4117 1.824
-0.0017371 0.4117 1.824
0.032481 0.40516 1.795
0.066003 0.40109 1.777
0.09985 0.40109 1.777
0.1337 0.40109 1.777
0.16415 0.39297 1.741
0.19629 0.39094 1.732
0.22809 0.38891 1.723
0.26227 0.39094 1.732
0.29237 0.3871 1.715
0.3203 0.38146 1.69
0.34894 0.37762 1.673
0.37899 0.37581 1.665
0.40873 0.37401 1.657
0.44029 0.37401 1.657
0.46302 0.36701 1.626
0.49156 0.36521 1.618
0.52012 0.36363 1.611
0.54568 0.36024 1.596
0.57608 0.36024 1.596
0.60078 0.35685 1.581
0.62531 0.35369 1.567
0.65808 0.35527 1.574
0.68194 0.35211 1.56
0.70208 0.34737 1.539
0.73139 0.34737 1.539
0.75725 0.34579 1.532
0.77616 0.34128 1.512
0.80869 0.34286 1.519
-1.208 0.50918 2.237
-1.1654 0.50918 2.237
-1.1228 0.50918 2.237
-1.0734 0.506 2.223
-0.98652 0.48415 2.127
-0.94601 0.48415 2.127
-0.89996 0.48119 2.114
-0.85441 0.47823 2.101
-0.80935 0.47527 2.088
-0.75594 0.46685 2.051
-0.71687 0.46685 2.051
-0.67384 0.46412 2.039
-0.62753 0.45865 2.015
-0.58564 0.45592 2.003
-0.54448 0.45342 1.992
-0.50069 0.44818 1.969
-0.46318 0.44818 1.969
-0.41854 0.44067 1.936
-0.38167 0.44067 1.936
-0.34105 0.43589 1.915
-0.30124 0.43111 1.894
-0.26656 0.43339 1.904
-0.22775 0.42861 1.883
-0.19087 0.42633 1.873
-0.15271 0.4195 1.843
-0.11824 0.42178 1.853
-0.082049 0.41723 1.833
-0.046646 0.4129 1.814
-0.012027 0.41062 1.804
0.022224 0.40858 1.795
0.055283 0.40038 1.759
0.089696 0.40448 1.777
0.12292 0.40243 1.768
0.15341 0.39424 1.732
0.1864 0.39424 1.732
0.21939 0.39424 1.732
0.2499 0.39037 1.715
0.27696 0.38263 1.681
0.30898 0.38263 1.681
0.33776 0.37899 1.665
0.36947 0.37899 1.665
0.39733 0.37534 1.649
0.42666 0.37352 1.641
0.45373 0.37011 1.626
0.48023 0.36669 1.611
0.50838 0.36487 1.603
0.53152 0.35987 1.581
0.55914 0.35827 1.574
0.58913 0.35827 1.574
0.61635 0.35668 1.567
0.64331 0.35509 1.56
0.67001 0.35349 1.553
0.69013 0.34871 1.532
0.71602 0.34712 1.525
0.74849 0.34871 1.532
0.76752 0.34416 1.512
0.79632 0.34416 1.512
-1.2208 0.51344 2.237
-1.1708 0.51023 2.223
-1.1208 0.50679 2.208
-1.0587 0.49738 2.167
-0.99868 0.4882 2.127
-0.95231 0.48521 2.114
-0.90643 0.48223 2.101
-0.86641 0.48223 2.101
-0.82128 0.47925 2.088
-0.77215 0.47351 2.063
-0.72433 0.468 2.039
-0.67742 0.46249 2.015
-0.63175 0.45721 1.992
-0.59381 0.45721 1.992
-0.55586 0.45721 1.992
-0.50908 0.44941 1.958
-0.47178 0.44941 1.958
-0.42961 0.44436 1.936
-0.38847 0.43954 1.915
-0.352 0.43954 1.915
-0.31206 0.43472 1.894
-0.27438 0.43219 1.883
-0.23725 0.4299 1.873
-0.20049 0.4276 1.863
-0.16324 0.42301 1.843
-0.12744 0.42072 1.833
-0.091059 0.41406 1.804
-0.057011 0.41636 1.814
-0.022112 0.40993 1.786
0.011907 0.40993 1.786
0.045231 0.40373 1.759
0.078736 0.40373 1.759
0.11167 0.40167 1.75
0.145 0.40167 1.75
0.1765 0.39754 1.732
0.2084 0.39547 1.723
0.23772 0.38973 1.698
0.26736 0.38583 1.681
0.29795 0.38399 1.673
0.32824 0.38216 1.665
0.35823 0.38032 1.657
0.38438 0.37504 1.634
0.41143 0.37137 1.618
0.44444 0.37321 1.626
0.46869 0.36793 1.603
0.49704 0.36632 1.596
0.52248 0.36288 1.581
0.5477 0.35966 1.567
0.58013 0.36127 1.574
0.60197 0.35645 1.553
0.62871 0.35484 1.546
0.66113 0.35645 1.553
0.68138 0.35163 1.532
0.70731 0.35002 1.525
0.73974 0.35163 1.532
0.75587 0.34566 1.506
0.78455 0.34566 1.506
0.81324 0.34566 1.506
-1.1797 0.51099 2.208
-1.1165 0.50151 2.167
-1.0822 0.50475 2.181
-1.0087 0.48924 2.114
-0.96841 0.48924 2.114
-0.91673 0.48322 2.088
-0.87696 0.48322 2.088
-0.83238 0.48045 2.076
-0.7787 0.47188 2.039
-0.73987 0.47188 2.039
-0.68865 0.46355 2.003
-0.64693 0.46101 1.992
-0.60531 0.45823 1.98
-0.56445 0.45568 1.969
-0.52105 0.45059 1.947
-0.48123 0.44805 1.936
-0.44688 0.45059 1.947
-0.40075 0.44064 1.904
-0.36257 0.43833 1.894
-0.32459 0.43578 1.883
-0.28566 0.43115 1.863
-0.24883 0.42884 1.853
-0.21354 0.42884 1.853
-0.17632 0.42421 1.833
-0.14071 0.42213 1.824
-0.10538 0.41981 1.814
-0.070442 0.4175 1.804
-0.0359 0.41541 1.795
-0.0016838 0.40917 1.768
0.031992 0.40917 1.768
0.065 0.405 1.75
0.098333 0.405 1.75
0.13167 0.405 1.75
0.16245 0.39875 1.723
0.19335 0.39482 1.706
0.22253 0.38903 1.681
0.25334 0.38718 1.673
0.28384 0.38533 1.665
0.31556 0.38533 1.665
0.34227 0.37977 1.641
0.37352 0.37977 1.641
0.39911 0.37445 1.618
0.42807 0.37283 1.611
0.45647 0.37098 1.603
0.48032 0.36589 1.581
0.50592 0.36265 1.567
0.53337 0.36103 1.56
0.56056 0.35941 1.553
0.58748 0.35779 1.546
0.61972 0.35941 1.553
0.64052 0.35455 1.532
0.6697 0.35455 1.532
0.69295 0.35154 1.519
0.72189 0.35154 1.519
0.74439 0.34853 1.506
-1.1819 0.5089 2.181
-1.1404 0.5089 2.181
-1.0847 0.50237 2.153
-1.0185 0.49023 2.101
-0.98452 0.49327 2.114
-0.92728 0.4844 2.076
-0.88218 0.48137 2.063
-0.84288 0.48137 2.063
-0.79424 0.47577 2.039
-0.75096 0.47297 2.027
-0.70391 0.46737 2.003
-0.65811 0.462 1.98
-0.61695 0.45943 1.969
-0.57621 0.45687 1.958
-0.53286 0.45173 1.936
-0.4906 0.44683 1.915
-0.45911 0.45173 1.936
-0.41525 0.44427 1.904
-0.37899 0.44427 1.904
-0.33894 0.43937 1.883
-0.29824 0.43237 1.853
-0.26153 0.43003 1.843
-0.22409 0.4256 1.824
-0.19028 0.4277 1.833
-0.15461 0.4256 1.824
-0.11855 0.42093 1.804
-0.083347 0.41673 1.786
-0.049079 0.41463 1.777
-0.015077 0.41043 1.759
0.018428 0.41043 1.759
0.051401 0.40623 1.741
0.083689 0.40203 1.723
0.11712 0.40413 1.732
0.14933 0.40203 1.723
0.1813 0.40017 1.715
0.20972 0.39223 1.681
0.24059 0.39037 1.673
0.26985 0.38663 1.657
0.30142 0.38663 1.657
0.32976 0.3829 1.641
0.35772 0.3794 1.626
0.38678 0.37753 1.618
0.41373 0.37403 1.603
0.44232 0.3724 1.596
0.46828 0.3689 1.581
0.49177 0.364 1.56
0.52149 0.364 1.56
0.5512 0.364 1.56
0.5757 0.36073 1.546
0.60241 0.3591 1.539
0.62351 0.35443 1.519
0.65803 0.35747 1.532
0.67824 0.3528 1.512
0.70704 0.3528 1.512
0.73584 0.3528 1.512
-1.2133 0.51941 2.208
-1.1352 0.50341 2.14
-1.0878 0.50035 2.127
-1.0537 0.50341 2.14
-0.99447 0.49424 2.101
-0.94855 0.49118 2.088
-0.89267 0.48247 2.051
-0.85361 0.48247 2.051
-0.80977 0.47965 2.039
-0.75732 0.47118 2.003
-0.71091 0.46577 1.98
-0.66946 0.46318 1.969
-0.63196 0.46318 1.969
-0.58781 0.45801 1.947
-0.5445 0.45283 1.925
-0.5052 0.45048 1.915
-0.46603 0.44789 1.904
-0.42976 0.44789 1.904
-0.38915 0.44295 1.883
-0.35141 0.4406 1.873
-0.31068 0.43354 1.843
-0.27557 0.43354 1.843
-0.23799 0.42907 1.824
-0.20213 0.42672 1.814
-0.16666 0.42437 1.804
-0.13229 0.42437 1.804
-0.096466 0.41802 1.777
-0.062301 0.4159 1.768
-0.028333 0.41167 1.75
0.005 0.41167 1.75
0.038136 0.40955 1.741
0.07093 0.40743 1.732
0.1029 0.40343 1.715
0.1362 0.40532 1.723
0.16578 0.39755 1.69
0.19598 0.39355 1.673
0.22785 0.39355 1.673
0.25723 0.38979 1.657
0.2874 0.38791 1.649
0.31726 0.38603 1.641
0.34363 0.38062 1.618
0.3763 0.3825 1.626
0.40151 0.37709 1.603
0.43016 0.37544 1.596
0.45421 0.37026 1.574
0.47989 0.36697 1.56
0.50731 0.36532 1.553
0.53689 0.36532 1.553
0.55882 0.36038 1.532
0.588 0.36038 1.532
0.61194 0.35733 1.519
0.63539 0.35427 1.506
0.66407 0.35427 1.506
0.69276 0.35427 1.506
-1.1515 0.50749 2.14
-1.104 0.5044 2.127
-1.038 0.49231 2.076
-0.99846 0.49231 2.076
-0.96446 0.49515 2.088
-0.90299 0.48353 2.039
-0.85398 0.47784 2.015
-0.8156 0.47784 2.015
-0.77259 0.475 2.003
-0.7304 0.47239 1.992
-0.68064 0.46433 1.958
-0.63973 0.46172 1.947
-0.59924 0.45911 1.936
-0.55917 0.4565 1.925
-0.5168 0.45152 1.904
-0.48053 0.45152 1.904
-0.44193 0.44915 1.894
-0.39921 0.4418 1.863
-0.36373 0.4418 1.863
-0.32472 0.43705 1.843
-0.28663 0.43255 1.824
-0.25189 0.43255 1.824
-0.21476 0.42781 1.804
-0.1804 0.42781 1.804
-0.14531 0.42567 1.795
-0.11 0.4214 1.777
-0.075386 0.41713 1.759
-0.041881 0.41713 1.759
-0.0082476 0.41073 1.732
0.024743 0.41073 1.732
0.057733 0.41073 1.732
0.089833 0.4067 1.715
0.12186 0.40457 1.706
0.1529 0.40077 1.69
0.18323 0.39674 1.673
0.21201 0.39105 1.649
0.2446 0.39295 1.657
0.2735 0.38915 1.641
0.30346 0.38749 1.634
0.33458 0.38749 1.634
0.36056 0.38204 1.611
0.3893 0.38014 1.603
0.41407 0.37492 1.581
0.44222 0.37326 1.574
0.468 0.36994 1.56
0.49101 0.36496 1.539
0.5227 0.36662 1.546
0.54964 0.36496 1.539
0.57896 0.36496 1.539
0.60037 0.36022 1.519
0.62391 0.35714 1.506
-1.1749 0.51467 2.153
-1.0997 0.49913 2.088
-1.0599 0.49913 2.088
-1.0201 0.49913 2.088
-0.96863 0.49316 2.063
-0.91852 0.48742 2.039
-0.85941 0.47618 1.992
-0.83095 0.48168 2.015
-0.78785 0.47881 2.003
-0.73697 0.47068 1.969
-0.69556 0.46806 1.958
-0.64717 0.46017 1.925
-0.6105 0.46017 1.925
-0.57085 0.45778 1.915
-0.53131 0.45515 1.904
-0.48958 0.45013 1.883
-0.44889 0.44535 1.863
-0.41341 0.44535 1.863
-0.37589 0.44296 1.853
-0.33876 0.44056 1.843
-0.30053 0.43602 1.824
-0.26287 0.43124 1.804
-0.22737 0.42909 1.795
-0.19414 0.43124 1.804
-0.15819 0.42694 1.786
-0.12292 0.42264 1.768
-0.088788 0.42048 1.759
-0.055 0.41833 1.75
-0.021444 0.41403 1.732
0.011547 0.41403 1.732
0.0441 0.40997 1.715
0.077125 0.41188 1.723
0.10726 0.40184 1.681
0.13928 0.40184 1.681
0.17049 0.39993 1.673
0.19945 0.39419 1.649
0.23086 0.39419 1.649
0.25861 0.38869 1.626
0.28958 0.38869 1.626
0.32055 0.38869 1.626
0.34655 0.38319 1.603
0.37709 0.38319 1.603
0.40025 0.37626 1.574
0.43023 0.37626 1.574
0.45611 0.37291 1.56
0.47929 0.36789 1.539
0.50629 0.36622 1.532
0.53792 0.36789 1.539
0.55986 0.36311 1.519
0.58879 0.36311 1.519
0.61244 0.36001 1.506
-1.1295 0.50937 2.114
-1.0825 0.50624 2.101
-1.0236 0.49708 2.063
-0.98435 0.49708 2.063
-0.92306 0.48552 2.015
-0.87941 0.48263 2.003
-0.8316 0.47709 1.98
-0.7987 0.47998 1.992
-0.75197 0.47444 1.969
-0.70648 0.46913 1.947
-0.66562 0.46648 1.936
-0.62192 0.46142 1.915
-0.58208 0.45877 1.904
-0.54581 0.45877 1.904
-0.50125 0.4513 1.873
-0.46309 0.44889 1.863
-0.4276 0.44889 1.863
-0.38791 0.44408 1.843
-0.3528 0.44408 1.843
-0.31098 0.43468 1.804
-0.27661 0.43468 1.804
-0.24104 0.43251 1.795
-0.20582 0.43034 1.786
-0.17006 0.426 1.768
-0.13639 0.426 1.768
-0.10219 0.42384 1.759
-0.06763 0.41733 1.732
-0.03464 0.41733 1.732
-0.001641 0.41516 1.723
0.031033 0.41323 1.715
0.0637 0.41323 1.715
0.094456 0.40504 1.681
0.12648 0.40504 1.681
0.15699 0.40119 1.665
0.18598 0.3954 1.641
0.21724 0.3954 1.641
0.24743 0.39372 1.634
0.27583 0.38986 1.618
0.30532 0.38817 1.611
0.33288 0.38456 1.596
0.35827 0.37926 1.574
0.38653 0.37757 1.567
0.41637 0.37757 1.567
0.44224 0.3742 1.553
0.46756 0.37083 1.539
0.49042 0.36601 1.519
0.5214 0.36745 1.525
0.54829 0.36601 1.519
0.57722 0.36601 1.519
-1.1385 0.51024 2.101
-1.0855 0.50417 2.076
-1.0394 0.50101 2.063
-0.99425 0.4981 2.051
-0.944 0.49227 2.027
-0.88976 0.48377 1.992
-0.84198 0.47819 1.969
-0.81387 0.48377 1.992
-0.76697 0.47819 1.969
-0.72132 0.47284 1.947
-0.68423 0.47284 1.947
-0.62953 0.45997 1.894
-0.59345 0.45997 1.894
-0.55738 0.45997 1.894
-0.51277 0.45244 1.863
-0.47728 0.45244 1.863
-0.43943 0.45001 1.853
-0.39977 0.44516 1.833
-0.36107 0.44054 1.814
-0.32652 0.44054 1.814
-0.28891 0.43593 1.795
-0.25344 0.43374 1.786
-0.21832 0.43156 1.777
-0.18354 0.42937 1.768
-0.1491 0.42719 1.759
-0.11441 0.42281 1.741
-0.080827 0.42063 1.732
-0.047588 0.41844 1.723
-0.0147 0.4165 1.715
0.01805 0.41844 1.723
0.050131 0.41237 1.698
0.082086 0.41043 1.69
0.11259 0.40436 1.665
0.14361 0.40241 1.657
0.17517 0.40241 1.657
0.20286 0.39489 1.626
0.23498 0.39683 1.634
0.26236 0.39124 1.611
0.29432 0.39294 1.618
0.32072 0.3876 1.596
0.34782 0.38396 1.581
0.37459 0.38056 1.567
0.40082 0.37716 1.553
0.4304 0.37716 1.553
0.45584 0.37376 1.539
0.48074 0.37036 1.525
0.50778 0.3689 1.519
0.53671 0.3689 1.519
-1.1545 0.51424 2.101
-1.088 0.50201 2.051
-1.0551 0.50494 2.063
-1.004 0.49907 2.039
-0.95945 0.49613 2.027
-0.89449 0.48194 1.969
-0.86177 0.48463 1.98
-0.81948 0.48194 1.969
-0.78197 0.48194 1.969
-0.73199 0.47386 1.936
-0.69117 0.47117 1.925
-0.64736 0.46603 1.904
-0.60788 0.46358 1.894
-0.56849 0.46089 1.883
-0.53262 0.46089 1.883
-0.48884 0.45354 1.853
-0.4511 0.4511 1.843
-0.4117 0.44645 1.824
-0.37489 0.444 1.814
-0.34034 0.444 1.814
-0.30107 0.43714 1.786
-0.2657 0.43494 1.777
-0.22951 0.43054 1.759
-0.194 0.42613 1.741
-0.1625 0.43054 1.759
-0.12767 0.42613 1.741
-0.093534 0.42172 1.723
-0.060715 0.42172 1.723
-0.027621 0.41756 1.706
0.0048514 0.41561 1.698
0.036822 0.41144 1.681
0.068186 0.40753 1.665
0.09942 0.40557 1.657
0.13098 0.40557 1.657
0.16176 0.40361 1.649
0.18954 0.39602 1.618
0.22145 0.39798 1.626
0.25009 0.39431 1.611
0.27938 0.39235 1.603
0.30566 0.38697 1.581
0.33429 0.38526 1.574
0.35941 0.38012 1.553
0.38724 0.3784 1.546
0.41668 0.3784 1.546
0.44007 0.37326 1.525
0.46912 0.37326 1.525
0.49392 0.37008 1.512
0.52065 0.36861 1.506
0.54933 0.36861 1.506
-1.1036 0.50591 2.051
-1.0521 0.49999 2.027
-1.0195 0.50295 2.039
-0.96335 0.49407 2.003
-0.90441 0.48297 1.958
-0.87199 0.48569 1.969
-0.82516 0.48026 1.947
-0.78807 0.48026 1.947
-0.75099 0.48026 1.947
-0.70217 0.47237 1.915
-0.65839 0.46719 1.894
-0.6187 0.46447 1.883
-0.57974 0.46201 1.873
-0.54116 0.45954 1.863
-0.50024 0.45461 1.843
-0.46034 0.44992 1.824
-0.42327 0.44745 1.814
-0.38871 0.44745 1.814
-0.3487 0.44055 1.786
-0.31309 0.43833 1.777
-0.27924 0.43833 1.777
-0.24167 0.43167 1.75
-0.20726 0.42945 1.741
-0.1741 0.42945 1.741
-0.14094 0.42945 1.741
-0.10666 0.42501 1.723
-0.073843 0.42501 1.723
-0.040619 0.42081 1.706
-0.0080476 0.41687 1.69
0.023671 0.40873 1.657
0.055233 0.40873 1.657
0.085957 0.40478 1.641
0.11779 0.40675 1.649
0.14847 0.40478 1.641
0.17721 0.39911 1.618
0.20803 0.39911 1.618
0.23663 0.39541 1.603
0.26483 0.39195 1.589
0.2951 0.39195 1.589
0.318 0.38307 1.553
0.34914 0.3848 1.56
0.37546 0.38135 1.546
0.40124 0.37789 1.532
0.43239 0.37962 1.539
0.4557 0.37469 1.519
0.48049 0.37148 1.506
0.53786 0.37148 1.506
-1.1127 0.50684 2.039
-1.0612 0.50087 2.015
-1.0229 0.50087 2.015
-0.97861 0.49789 2.003
-0.92449 0.48944 1.969
-0.88203 0.4867 1.958
-0.84474 0.4867 1.958
-0.79383 0.4785 1.925
-0.75717 0.4785 1.925
-0.71264 0.47328 1.904
-0.66536 0.46557 1.873
-0.63305 0.46806 1.883
-0.59401 0.46557 1.873
-0.55535 0.46309 1.863
-0.51708 0.4606 1.853
-0.47424 0.45339 1.824
-0.43709 0.45091 1.814
-0.40032 0.44842 1.804
-0.36413 0.44619 1.795
-0.32663 0.44171 1.777
-0.2913 0.43947 1.768
-0.255 0.435 1.75
-0.22053 0.43276 1.741
-0.18457 0.4263 1.715
-0.15341 0.43053 1.732
-0.11979 0.42829 1.723
-0.085709 0.42207 1.698
-0.053114 0.42009 1.69
-0.020812 0.41785 1.681
0.0111 0.41387 1.665
0.042403 0.40989 1.649
0.073454 0.40791 1.641
0.10426 0.40617 1.634
0.13597 0.40791 1.641
0.16651 0.40617 1.634
0.19485 0.40045 1.611
0.22344 0.39672 1.596
0.25145 0.39299 1.581
0.28299 0.39498 1.589
0.30754 0.38777 1.56
0.33574 0.38603 1.553
0.36368 0.38429 1.546
0.38779 0.37907 1.525
0.42066 0.38255 1.539
0.44033 0.37435 1.506
0.46901 0.37435 1.506
-1.0702 0.5017 2.003
-1.032 0.5017 2.003
-0.99387 0.5017 2.003
-0.93949 0.49319 1.969
-0.88687 0.48492 1.936
-0.85483 0.48768 1.947
-0.79968 0.47691 1.904
-0.76782 0.47966 1.915
-0.73135 0.47966 1.915
-0.67963 0.46914 1.873
-0.64739 0.47165 1.883
-0.60828 0.46914 1.873
-0.56955 0.46664 1.863
-0.52546 0.45912 1.833
-0.48814 0.45687 1.824
-0.44842 0.45186 1.804
-0.412 0.4496 1.795
-0.37591 0.44735 1.786
-0.33845 0.44284 1.768
-0.30322 0.44059 1.759
-0.26833 0.43833 1.75
-0.23258 0.43382 1.732
-0.19763 0.42957 1.715
-0.16497 0.42957 1.715
-0.1323 0.42957 1.715
-0.098646 0.42531 1.698
-0.066303 0.42531 1.698
-0.03346 0.41905 1.673
-0.0015857 0.41704 1.665
0.029839 0.41304 1.649
0.060951 0.41103 1.641
0.091366 0.40727 1.626
0.12234 0.40727 1.626
0.15331 0.40727 1.626
0.18167 0.40151 1.603
0.21221 0.40151 1.603
0.23941 0.396 1.581
0.26833 0.39425 1.574
0.29433 0.38899 1.553
0.32099 0.38548 1.539
0.35031 0.38548 1.539
0.37617 0.38198 1.525
0.40176 0.37872 1.512
0.42885 0.37722 1.506
-1.0854 0.50552 2.003
-1.0415 0.50274 1.992
-0.99754 0.49971 1.98
-0.9545 0.49694 1.969
-0.90675 0.49139 1.947
-0.85983 0.48583 1.925
-0.81419 0.48053 1.904
-0.77792 0.48053 1.904
-0.73776 0.47801 1.894
-0.69761 0.47523 1.883
-0.64417 0.46261 1.833
-0.61923 0.47019 1.863
-0.58061 0.46766 1.853
-0.53943 0.46261 1.833
-0.49653 0.4553 1.804
-0.45986 0.45302 1.795
-0.42354 0.45075 1.786
-0.38952 0.45075 1.786
-0.35371 0.44848 1.777
-0.315 0.44167 1.75
-0.28022 0.4394 1.741
-0.24337 0.43283 1.715
-0.2107 0.43283 1.715
-0.17627 0.42854 1.698
-0.14537 0.43283 1.715
-0.11158 0.42854 1.698
-0.0777 0.42021 1.665
-0.045986 0.42021 1.665
-0.014203 0.4182 1.657
0.017275 0.41618 1.649
0.048242 0.41239 1.634
0.078589 0.40835 1.618
0.10893 0.40659 1.611
0.14023 0.40835 1.618
0.16946 0.40457 1.603
0.19725 0.39901 1.581
0.22736 0.39901 1.581
0.25406 0.39371 1.56
0.28377 0.39371 1.56
0.30927 0.38841 1.539
0.33704 0.38665 1.532
0.36455 0.38488 1.525
0.39024 0.3816 1.512
-1.1007 0.50933 2.003
-1.0503 0.50349 1.98
-1.0126 0.50349 1.98
-0.95325 0.4923 1.936
-0.91637 0.4923 1.936
-0.86996 0.48696 1.915
-0.82434 0.48162 1.894
-0.78369 0.47882 1.883
-0.74385 0.47628 1.873
-0.71611 0.48162 1.894
-0.66532 0.47119 1.853
-0.63002 0.47119 1.853
-0.58831 0.46611 1.833
-0.55067 0.46382 1.824
-0.50773 0.45644 1.795
-0.47116 0.45415 1.786
-0.43494 0.45187 1.777
-0.40313 0.45415 1.786
-0.36725 0.45187 1.777
-0.33002 0.44729 1.759
-0.29045 0.43813 1.723
-0.25763 0.43813 1.723
-0.22259 0.43381 1.706
-0.18921 0.43178 1.698
-0.15686 0.43178 1.698
-0.12393 0.42974 1.69
-0.090386 0.42339 1.665
-0.058108 0.41932 1.649
-0.026698 0.41932 1.649
0.0047114 0.41932 1.649
0.035792 0.4155 1.634
0.066261 0.41143 1.618
0.09708 0.41143 1.618
0.1279 0.41143 1.618
0.15587 0.40406 1.589
0.1852 0.40203 1.581
0.21341 0.39847 1.567
0.24217 0.39669 1.56
0.27067 0.39491 1.553
0.29619 0.38957 1.532
0.32388 0.38779 1.525
0.35293 0.38779 1.525
0.37872 0.38448 1.512
-1.0719 0.51033 1.992
-1.022 0.50444 1.969
-0.968 0.49598 1.936
-0.93112 0.49598 1.936
-0.87947 0.48779 1.904
-0.82947 0.47984 1.873
-0.78956 0.47728 1.863
-0.75407 0.47728 1.863
-0.71087 0.47216 1.843
-0.6831 0.47728 1.863
-0.63406 0.46729 1.824
-0.60227 0.4696 1.833
-0.55838 0.46217 1.804
-0.5214 0.45986 1.795
-0.48233 0.45525 1.777
-0.44848 0.45525 1.777
-0.41253 0.45294 1.768
-0.37693 0.45064 1.759
-0.34167 0.44833 1.75
-0.30058 0.43706 1.706
-0.27076 0.44142 1.723
-0.23449 0.43501 1.698
-0.20012 0.43066 1.681
-0.1681 0.43066 1.681
-0.13608 0.43066 1.681
-0.10307 0.42656 1.665
-0.070329 0.42041 1.641
-0.038905 0.41862 1.634
-0.007781 0.41862 1.634
0.023229 0.41657 1.626
0.053933 0.41452 1.618
0.084386 0.41272 1.611
0.114 0.40888 1.596
0.14377 0.40709 1.589
0.17162 0.40145 1.567
0.20057 0.39966 1.56
0.22822 0.39607 1.546
0.25767 0.39607 1.546
0.28451 0.39248 1.532
0.31226 0.39069 1.525
0.34131 0.39069 1.525
0.36574 0.38582 1.506
-1.0871 0.51413 1.992
-1.0312 0.50535 1.958
-0.99392 0.50535 1.958
-0.9405 0.49683 1.925
-0.88928 0.48883 1.894
-0.8532 0.48883 1.894
-0.79944 0.47825 1.853
-0.76827 0.48083 1.863
-0.72491 0.47567 1.843
-0.68981 0.47567 1.843
-0.64795 0.47077 1.824
-0.61624 0.47309 1.833
-0.57213 0.4656 1.804
-0.5324 0.46096 1.786
-0.49587 0.45864 1.777
-0.45968 0.45631 1.768
-0.42167 0.45167 1.75
-0.38634 0.44934 1.741
-0.35135 0.44702 1.732
-0.31836 0.44702 1.732
-0.28108 0.44031 1.706
-0.24859 0.44031 1.706
-0.21407 0.43618 1.69
-0.18005 0.43179 1.673
-0.14818 0.43179 1.673
-0.11409 0.42353 1.641
-0.083235 0.4256 1.649
-0.051354 0.42173 1.634
-0.02023 0.42173 1.634
0.010893 0.42173 1.634
0.041606 0.4176 1.618
0.071753 0.41373 1.603
0.10139 0.41011 1.589
0.131 0.40805 1.581
0.15897 0.40263 1.56
0.18953 0.40444 1.567
0.21546 0.39721 1.539
0.24477 0.39721 1.539
0.27409 0.39721 1.539
0.29946 0.39205 1.519
0.32839 0.39205 1.519
-1.052 0.51194 1.969
-0.99183 0.5005 1.925
-0.9502 0.4979 1.915
-0.90371 0.49244 1.894
-0.86259 0.48958 1.883
-0.81356 0.48178 1.853
-0.77406 0.47918 1.843
-0.73896 0.47918 1.843
-0.68552 0.4667 1.795
-0.65822 0.47164 1.814
-0.62367 0.47164 1.814
-0.58587 0.46904 1.804
-0.54325 0.46202 1.777
-0.50683 0.45968 1.768
-0.47074 0.45734 1.759
-0.435 0.455 1.75
-0.39754 0.45032 1.732
-0.36265 0.44798 1.723
-0.33155 0.45032 1.732
-0.29132 0.4394 1.69
-0.26159 0.44356 1.706
-0.22466 0.43498 1.673
-0.19279 0.43498 1.673
-0.16016 0.4329 1.665
-0.12659 0.42666 1.641
-0.095334 0.42666 1.641
-0.063491 0.42276 1.626
-0.03252 0.42276 1.626
-0.0015486 0.42276 1.626
0.02888 0.41496 1.596
0.05928 0.41496 1.596
0.08805 0.40742 1.567
0.11842 0.40924 1.574
0.14709 0.4056 1.56
0.17601 0.40378 1.553
0.20188 0.3965 1.525
0.23093 0.3965 1.525
0.26236 0.40014 1.539
0.28789 0.39494 1.519
0.31536 0.39312 1.512
-1.067 0.51569 1.969
-1.0065 0.50417 1.925
-0.95422 0.49605 1.894
-0.90796 0.49055 1.873
-0.86297 0.48531 1.853
-0.83661 0.49055 1.873
-0.78383 0.48007 1.833
-0.74523 0.47771 1.824
-0.7066 0.4751 1.814
-0.66834 0.47248 1.804
-0.63081 0.47012 1.795
-0.59363 0.46776 1.786
-0.55397 0.46305 1.768
-0.5203 0.46305 1.768
-0.48414 0.46069 1.759
-0.44603 0.45598 1.741
-0.4086 0.45126 1.723
-0.37403 0.44917 1.715
-0.33798 0.44471 1.698
-0.30258 0.44026 1.681
-0.27056 0.44026 1.681
-0.23854 0.44026 1.681
-0.20357 0.43398 1.657
-0.17201 0.43398 1.657
-0.13909 0.42979 1.641
-0.10685 0.42586 1.626
-0.07588 0.42586 1.626
-0.044688 0.42376 1.618
-0.01374 0.41983 1.603
0.016793 0.41983 1.603
0.04712 0.418 1.596
0.076451 0.41224 1.574
0.10596 0.4104 1.567
0.1352 0.40857 1.56
0.16343 0.4049 1.546
0.19026 0.3994 1.525
0.21931 0.3994 1.525
0.2495 0.40124 1.532
0.27504 0.396 1.512
0.30263 0.39443 1.506
-1.076 0.51654 1.958
-1.0212 0.50783 1.925
-0.96865 0.49966 1.894
-0.92715 0.49675 1.883
-0.87709 0.48884 1.853
-0.84179 0.48884 1.853
-0.79779 0.48356 1.833
-0.75081 0.47591 1.804
-0.72042 0.47855 1.814
-0.68208 0.47591 1.804
-0.64449 0.47354 1.795
-0.60112 0.46642 1.768
-0.57033 0.46879 1.777
-0.53105 0.46404 1.759
-0.49755 0.46404 1.759
-0.45692 0.45692 1.732
-0.41977 0.45243 1.715
-0.3871 0.45243 1.715
-0.34927 0.44584 1.69
-0.31708 0.44584 1.69
-0.28067 0.43924 1.665
-0.25015 0.44135 1.673
-0.21724 0.43924 1.665
-0.18285 0.43291 1.641
-0.15095 0.43106 1.634
-0.11865 0.42684 1.618
-0.087834 0.42684 1.618
-0.056769 0.425 1.611
-0.025953 0.42289 1.603
0.00454 0.41919 1.589
0.034807 0.41919 1.589
0.064172 0.41339 1.567
0.09276 0.40785 1.546
0.12331 0.41154 1.56
0.15234 0.4097 1.553
0.17946 0.40416 1.532
0.20864 0.40416 1.532
0.23472 0.39888 1.512
0.26579 0.40231 1.525
-1.0245 0.50592 1.904
-0.99398 0.50884 1.915
-0.9365 0.49768 1.873
-0.8912 0.49237 1.853
-0.84667 0.48705 1.833
-0.81176 0.48705 1.833
-0.76879 0.48201 1.814
-0.73019 0.47935 1.804
-0.69583 0.47935 1.804
-0.65817 0.47696 1.795
-0.61146 0.46739 1.759
-0.575 0.465 1.75
-0.54167 0.465 1.75
-0.50572 0.46261 1.741
-0.46767 0.45783 1.723
-0.43283 0.4557 1.715
-0.39807 0.45331 1.706
-0.36557 0.45331 1.706
-0.3282 0.44667 1.681
-0.29477 0.44454 1.673
-0.26164 0.44241 1.665
-0.22993 0.44241 1.665
-0.19452 0.43418 1.634
-0.1626 0.43205 1.626
-0.13098 0.42993 1.618
-0.099729 0.42807 1.611
-0.069343 0.42993 1.618
-0.038167 0.42594 1.603
-0.0075667 0.42222 1.589
0.022486 0.41823 1.574
0.052233 0.41637 1.567
0.081348 0.41265 1.553
0.11093 0.41265 1.553
0.13988 0.41079 1.546
0.16702 0.40521 1.525
0.1944 0.40176 1.512
0.22231 0.40017 1.506
-1.0147 0.4959 1.853
-0.9953 0.50393 1.883
-0.94924 0.49857 1.863
-0.90395 0.49322 1.843
-0.86413 0.49055 1.833
-0.8161 0.48278 1.804
-0.78607 0.48546 1.814
-0.74737 0.48278 1.804
-0.71301 0.48278 1.804
-0.67526 0.48038 1.795
-0.62821 0.47074 1.759
-0.59167 0.46833 1.75
-0.55546 0.46592 1.741
-0.5223 0.46592 1.741
-0.48914 0.46592 1.741
-0.44917 0.45897 1.715
-0.41237 0.45442 1.698
-0.38003 0.45442 1.698
-0.34093 0.44559 1.665
-0.30921 0.44559 1.665
-0.27483 0.4413 1.649
-0.24342 0.4413 1.649
-0.21099 0.43916 1.641
-0.17721 0.43301 1.618
-0.14711 0.43515 1.626
-0.1145 0.42899 1.603
-0.0836 0.42712 1.596
-0.052967 0.42525 1.589
-0.0227 0.42525 1.589
0.0074952 0.42123 1.574
0.03731 0.41936 1.567
0.065957 0.41187 1.539
0.095271 0.41187 1.539
0.12459 0.41187 1.539
0.1532 0.40999 1.532
0.18 0.40464 1.512
0.20797 0.40303 1.506
-1.0079 0.50482 1.873
-0.95141 0.49404 1.833
-0.9265 0.49943 1.853
-0.88159 0.49404 1.833
-0.83328 0.48622 1.804
-0.79891 0.48622 1.804
-0.76074 0.4838 1.795
-0.71926 0.47894 1.777
-0.68541 0.47894 1.777
-0.64497 0.47409 1.759
-0.60208 0.46682 1.732
-0.56613 0.46439 1.723
-0.5361 0.46682 1.732
-0.50049 0.46439 1.723
-0.46306 0.45981 1.706
-0.42854 0.45765 1.698
-0.39223 0.45307 1.681
-0.3585 0.45091 1.673
-0.32507 0.44876 1.665
-0.29054 0.44444 1.649
-0.25787 0.44229 1.641
-0.22454 0.43825 1.626
-0.19262 0.43609 1.618
-0.1611 0.4342 1.611
-0.12977 0.43205 1.603
-0.0988 0.43016 1.596
-0.0681 0.42827 1.589
-0.037833 0.42827 1.589
-0.0074619 0.42234 1.567
0.022286 0.42046 1.56
0.0513 0.4148 1.539
0.080614 0.4148 1.539
0.10893 0.41102 1.525
0.13861 0.41291 1.532
0.1656 0.40752 1.512
-1.0147 0.50296 1.853
-0.97416 0.50024 1.843
-0.93396 0.49753 1.833
-0.88972 0.49237 1.814
-0.85046 0.48966 1.804
-0.80795 0.48477 1.786
-0.77393 0.48477 1.786
-0.73991 0.48477 1.786
-0.70234 0.48233 1.777
-0.66172 0.47744 1.759
-0.62179 0.47256 1.741
-0.58254 0.46767 1.723
-0.54972 0.46767 1.723
-0.5169 0.46767 1.723
-0.48183 0.4655 1.715
-0.44026 0.45627 1.681
-0.40824 0.45627 1.681
-0.37264 0.45193 1.665
-0.33929 0.44976 1.657
-0.30624 0.44759 1.649
-0.27233 0.44351 1.634
-0.24003 0.44134 1.626
-0.20906 0.44134 1.626
-0.17557 0.4351 1.603
-0.1444 0.4332 1.596
-0.114 0.4332 1.596
-0.082814 0.42913 1.581
-0.052233 0.42533 1.567
-0.022186 0.42153 1.553
0.0074286 0.42343 1.56
0.036476 0.41583 1.532
0.065657 0.41583 1.532
0.094838 0.41583 1.532
0.1224 0.4104 1.512
0.1512 0.4104 1.512
-0.99356 0.50649 1.853
-0.94327 0.49856 1.824
-0.91301 0.50102 1.833
-0.8642 0.49309 1.804
-0.82156 0.48817 1.786
-0.79151 0.49063 1.795
-0.74213 0.48079 1.759
-0.70863 0.48079 1.759
-0.67512 0.48079 1.759
-0.63177 0.47341 1.732
-0.59567 0.47095 1.723
-0.55729 0.46631 1.706
-0.52757 0.46877 1.715
-0.48999 0.46412 1.698
-0.45091 0.45729 1.673
-0.41905 0.45729 1.673
-0.38533 0.4551 1.665
-0.35192 0.45291 1.657
-0.31726 0.44854 1.641
-0.28339 0.44444 1.626
-0.25009 0.44034 1.611
-0.2194 0.44034 1.611
-0.18696 0.43624 1.596
-0.15656 0.43624 1.596
-0.12561 0.43433 1.589
-0.09444 0.43023 1.574
-0.063886 0.4264 1.56
-0.033865 0.42257 1.546
-0.0044371 0.42449 1.553
0.024593 0.41519 1.519
0.053985 0.41875 1.532
0.082786 0.41683 1.525
0.11044 0.41164 1.506
0.13913 0.41164 1.506
-1.0022 0.50726 1.843
-0.95192 0.49928 1.814
-0.92242 0.50203 1.824
-0.87357 0.49405 1.795
-0.83517 0.49158 1.786
-0.79307 0.48662 1.768
-0.75553 0.48414 1.759
-0.72203 0.48414 1.759
-0.67443 0.47424 1.723
-0.63863 0.47203 1.715
-0.60597 0.47203 1.715
-0.57029 0.46956 1.706
-0.5378 0.46956 1.706
-0.49553 0.46047 1.673
-0.46144 0.45827 1.665
-0.42766 0.45607 1.657
-0.3961 0.45607 1.657
-0.36278 0.45387 1.649
-0.32675 0.44754 1.626
-0.29578 0.44754 1.626
-0.26236 0.44341 1.611
-0.22952 0.43928 1.596
-0.19999 0.44121 1.603
-0.16872 0.43928 1.596
-0.13702 0.43515 1.581
-0.10596 0.4313 1.567
-0.075091 0.42552 1.546
-0.045644 0.42552 1.546
-0.016123 0.42359 1.539
0.013191 0.42359 1.539
0.041953 0.41809 1.519
0.070887 0.41809 1.519
0.09936 0.41616 1.512
-1.0163 0.51077 1.843
-0.97106 0.50551 1.824
-0.93119 0.50274 1.814
-0.87835 0.49248 1.777
-0.85305 0.49747 1.795
-0.79833 0.485 1.75
-0.765 0.485 1.75
-0.73167 0.485 1.75
-0.68437 0.4753 1.715
-0.6517 0.4753 1.715
-0.61903 0.4753 1.715
-0.58055 0.47059 1.698
-0.54821 0.47059 1.698
-0.50827 0.46366 1.673
-0.47641 0.46366 1.673
-0.44029 0.45923 1.657
-0.4107 0.46144 1.665
-0.37534 0.45701 1.649
-0.33914 0.45063 1.626
-0.30665 0.44842 1.618
-0.27089 0.44038 1.589
-0.24168 0.44232 1.596
-0.21128 0.44232 1.596
-0.17839 0.43622 1.574
-0.14841 0.43622 1.574
-0.1179 0.43428 1.567
-0.087264 0.4304 1.553
-0.057163 0.42652 1.539
-0.027595 0.42264 1.525
0.0014524 0.42264 1.525
0.03012 0.41738 1.506
0.058806 0.41738 1.506
0.08784 0.41904 1.512
-0.97956 0.50619 1.814
-0.94501 0.50619 1.814
-0.90544 0.5034 1.804
-0.85804 0.49587 1.777
-0.81167 0.48833 1.75
-0.77033 0.48331 1.732
-0.73734 0.48331 1.732
-0.69743 0.47857 1.715
-0.65818 0.47382 1.698
-0.62583 0.47382 1.698
-0.5907 0.47159 1.69
-0.5585 0.47159 1.69
-0.51853 0.46461 1.665
-0.48915 0.46685 1.673
-0.45073 0.46015 1.649
-0.41728 0.45792 1.641
-0.38603 0.45792 1.641
-0.35326 0.45596 1.634
-0.31602 0.44731 1.603
-0.28299 0.44341 1.589
-0.25384 0.44536 1.596
-0.22134 0.44117 1.581
-0.19123 0.44117 1.581
-0.1604 0.43922 1.574
-0.12926 0.43531 1.56
-0.098203 0.42945 1.539
-0.068889 0.42945 1.539
-0.039214 0.42555 1.525
-0.010167 0.42555 1.525
0.018646 0.42025 1.506
-0.99338 0.50965 1.814
-0.95354 0.50684 1.804
-0.9146 0.50431 1.795
-0.85833 0.49167 1.75
-0.825 0.49167 1.75
-0.78352 0.48661 1.732
-0.74663 0.48408 1.723
-0.70677 0.4793 1.706
-0.67111 0.47706 1.698
-0.63576 0.47481 1.69
-0.60357 0.47481 1.69
-0.56834 0.47228 1.681
-0.53377 0.47003 1.673
-0.4971 0.46554 1.657
-0.46329 0.46329 1.649
-0.42795 0.45908 1.634
-0.39683 0.45908 1.634
-0.3657 0.45908 1.634
-0.32823 0.45037 1.603
-0.2964 0.4484 1.596
-0.2635 0.44419 1.581
-0.23339 0.44419 1.581
-0.20237 0.44222 1.574
-0.17162 0.44025 1.567
-0.14114 0.43829 1.56
-0.10943 0.43042 1.532
-0.080248 0.43042 1.532
-0.050833 0.42845 1.525
-0.0217 0.42677 1.519
0.0072 0.4248 1.512
-0.96246 0.50773 1.795
-0.91431 0.50009 1.768
-0.87167 0.495 1.75
-0.83402 0.49245 1.741
-0.79258 0.48736 1.723
-0.76373 0.48991 1.732
-0.72357 0.4851 1.715
-0.68405 0.48029 1.698
-0.64864 0.47803 1.69
-0.61025 0.47322 1.673
-0.57838 0.47322 1.673
-0.54129 0.46869 1.657
-0.5048 0.46417 1.641
-0.47355 0.46417 1.641
-0.43825 0.45993 1.626
-0.40352 0.45568 1.611
-0.37098 0.45342 1.603
-0.33896 0.45144 1.596
-0.30721 0.44946 1.589
-0.27433 0.44522 1.574
-0.24434 0.44522 1.574
-0.21246 0.44126 1.56
-0.18192 0.43928 1.553
-0.15166 0.4373 1.546
-0.12055 0.43136 1.525
-0.09114 0.42966 1.519
-0.062739 0.43334 1.532
-0.03312 0.42768 1.512
-0.0043029 0.42598 1.506
-0.97124 0.50858 1.786
-0.9325 0.50602 1.777
-0.88955 0.5009 1.759
-0.83853 0.49064 1.723
-0.80571 0.49064 1.723
-0.77289 0.49064 1.723
-0.72933 0.48353 1.698
-0.6937 0.48125 1.69
-0.66151 0.48125 1.69
-0.62597 0.47868 1.681
-0.5883 0.47413 1.665
-0.55391 0.47185 1.657
-0.5151 0.4653 1.634
-0.48398 0.4653 1.634
-0.45063 0.46302 1.626
-0.41373 0.45647 1.603
-0.38152 0.45448 1.596
-0.34958 0.45249 1.589
-0.31771 0.45021 1.581
-0.28632 0.44822 1.574
-0.25406 0.44423 1.56
-0.22334 0.44224 1.553
-0.19376 0.44224 1.553
-0.16343 0.44024 1.546
-0.13338 0.43825 1.539
-0.10183 0.42885 1.506
-0.07378 0.43255 1.519
-0.044463 0.42885 1.506
-0.015777 0.42885 1.506
-0.98485 0.51199 1.786
-0.94125 0.50683 1.768
-0.90295 0.50425 1.759
-0.85165 0.49393 1.723
-0.81503 0.49163 1.715
-0.77461 0.48676 1.698
-0.73877 0.48447 1.69
-0.70658 0.48447 1.69
-0.67439 0.48447 1.69
-0.63878 0.48189 1.681
-0.5981 0.47501 1.657
-0.5638 0.47271 1.649
-0.52497 0.46612 1.626
-0.49156 0.46383 1.618
-0.46302 0.46612 1.626
-0.42408 0.45752 1.596
-0.39195 0.45551 1.589
-0.36169 0.45551 1.589
-0.32975 0.45322 1.581
-0.29698 0.44921 1.567
-0.26475 0.44519 1.553
-0.23517 0.44519 1.553
-0.20373 0.44118 1.539
-0.17283 0.43717 1.525
-0.14445 0.43917 1.532
-0.11331 0.43172 1.506
-0.084623 0.43172 1.506
-0.94986 0.5076 1.759
-0.91167 0.505 1.75
-0.8693 0.49981 1.732
-0.82375 0.4923 1.706
-0.78384 0.48769 1.69
-0.75165 0.48769 1.69
-0.71222 0.48278 1.673
-0.6771 0.48047 1.665
-0.64539 0.48047 1.665
-0.60483 0.47355 1.641
-0.56833 0.46922 1.626
-0.54 0.47153 1.634
-0.50389 0.46691 1.618
-0.47307 0.46691 1.618
-0.43815 0.46258 1.603
-0.40203 0.45623 1.581
-0.37191 0.45623 1.581
-0.3418 0.45623 1.581
-0.30616 0.44815 1.553
-0.27658 0.44815 1.553
-0.247 0.44815 1.553
-0.21546 0.44411 1.539
-0.18373 0.43834 1.519
-0.15347 0.43459 1.506
-0.95833 0.50833 1.75
-0.92024 0.50572 1.741
-0.87383 0.49817 1.715
-0.83675 0.49555 1.706
-0.79671 0.4909 1.69
-0.75321 0.48364 1.665
-0.72843 0.48829 1.681
-0.68647 0.48132 1.657
-0.66123 0.48597 1.673
-0.61169 0.47231 1.626
-0.57786 0.46999 1.618
-0.54974 0.47231 1.626
-0.51399 0.46796 1.611
-0.4809 0.46563 1.603
-0.45261 0.46796 1.611
-0.41407 0.45924 1.581
-0.38226 0.45721 1.574
-0.35228 0.45721 1.574
-0.318 0.45111 1.553
-0.28841 0.45111 1.553
-0.25767 0.44908 1.546
-0.22615 0.44501 1.532
-0.19607 0.44298 1.525
-0.16494 0.43746 1.506
-0.13743 0.44123 1.519
-0.92386 0.50377 1.723
-0.89569 0.5064 1.732
-0.84975 0.4988 1.706
-0.81342 0.49646 1.698
-0.76222 0.48448 1.657
-0.73066 0.48448 1.657
-0.6991 0.48448 1.657
-0.66753 0.48448 1.657
-0.62714 0.47775 1.634
-0.59018 0.47307 1.618
-0.55418 0.46869 1.603
-0.52626 0.47103 1.611
-0.49096 0.46664 1.596
-0.46489 0.47103 1.611
-0.42612 0.46225 1.581
-0.3925 0.45816 1.567
-0.36589 0.46225 1.581
-0.32983 0.45407 1.553
-0.29889 0.45202 1.546
-0.26823 0.44997 1.539
-0.23674 0.44588 1.525
-0.20687 0.44413 1.519
-0.17642 0.44033 1.506
-0.14832 0.44208 1.512
-0.92339 0.4997 1.698
-0.89997 0.5047 1.715
-0.8587 0.4997 1.698
-0.82636 0.4997 1.698
-0.77484 0.48763 1.657
-0.74328 0.48763 1.657
-0.71172 0.48763 1.657
-0.67688 0.48528 1.649
-0.63959 0.48086 1.634
-0.60251 0.47615 1.618
-0.56392 0.46968 1.596
-0.53586 0.47174 1.603
-0.50533 0.47174 1.603
-0.47065 0.46762 1.589
-0.43622 0.46321 1.574
-0.40444 0.46115 1.567
-0.37124 0.45703 1.553
-0.34166 0.45703 1.553
-0.30927 0.45291 1.539
-0.2774 0.44879 1.525
-0.24624 0.44496 1.512
-0.21744 0.44496 1.512
-0.18789 0.44319 1.506
-0.94074 0.5053 1.706
-0.90398 0.50293 1.698
-0.86291 0.4979 1.681
-0.83089 0.4979 1.681
-0.79507 0.49553 1.673
-0.74861 0.48605 1.641
-0.71079 0.48161 1.626
-0.68317 0.48398 1.634
-0.65204 0.48398 1.634
-0.61484 0.47924 1.618
-0.57608 0.47272 1.596
-0.54568 0.47272 1.596
-0.51044 0.46828 1.581
-0.4782 0.4662 1.574
-0.44622 0.46413 1.567
-0.41451 0.46206 1.56
-0.38307 0.45998 1.553
-0.35509 0.46206 1.56
-0.32099 0.45584 1.539
-0.28902 0.45169 1.525
-0.25674 0.44606 1.506
-0.22805 0.44606 1.506
-0.90774 0.5011 1.681
-0.86739 0.49633 1.665
-0.83969 0.49871 1.673
-0.80396 0.49633 1.665
-0.76111 0.48917 1.641
-0.72318 0.4847 1.626
-0.6986 0.48917 1.641
-0.65799 0.48232 1.618
-0.61864 0.47576 1.596
-0.58824 0.47576 1.596
-0.55539 0.47367 1.589
-0.52017 0.4692 1.574
-0.49019 0.4692 1.574
-0.45407 0.46294 1.553
-0.4264 0.46503 1.56
-0.39491 0.46294 1.553
-0.36038 0.45668 1.532
-0.3312 0.45668 1.532
-0.2969 0.44893 1.506
-0.92986 0.5094 1.698
-0.8843 0.5019 1.673
-0.84836 0.4995 1.665
-0.80487 0.4923 1.641
-0.77031 0.4902 1.634
-0.73919 0.4902 1.634
-0.6981 0.4833 1.611
-0.67031 0.4854 1.618
-0.63357 0.4809 1.603
-0.59476 0.4743 1.581
-0.55964 0.4701 1.567
-0.53216 0.4722 1.574
-0.49995 0.4701 1.567
-0.468 0.468 1.56
-0.43829 0.468 1.56
-0.40124 0.4596 1.532
-0.37206 0.4596 1.532
-0.34288 0.4596 1.532
-0.30837 0.4518 1.506
-0.27969 0.4518 1.506
-0.89705 0.50509 1.673
-0.86104 0.50267 1.665
-0.81737 0.49543 1.641
-0.78995 0.49784 1.649
-0.74428 0.48848 1.618
-0.70685 0.48395 1.603
-0.67336 0.48184 1.596
-0.64296 0.48184 1.596
-0.61256 0.48184 1.596
-0.57158 0.47308 1.567
-0.54173 0.47308 1.567
-0.5096 0.47097 1.56
-0.47558 0.46674 1.546
-0.44209 0.46252 1.532
-0.40941 0.45859 1.519
-0.38198 0.4604 1.525
-0.35293 0.4604 1.525
-0.29116 0.45467 1.506
-0.90979 0.50827 1.673
-0.86953 0.50341 1.657
-0.82634 0.49642 1.634
-0.79132 0.49399 1.626
-0.74959 0.48701 1.603
-0.72265 0.48944 1.611
-0.68552 0.48488 1.596
-0.65225 0.48275 1.589
-0.62198 0.48275 1.589
-0.58091 0.47394 1.56
-0.5512 0.47394 1.56
-0.51681 0.46969 1.546
-0.48515 0.46756 1.539
-0.45584 0.46756 1.539
-0.41738 0.45754 1.506
-0.3936 0.46331 1.525
-0.36311 0.46149 1.519
-0.91372 0.50657 1.657
-0.88641 0.50901 1.665
-0.83879 0.49954 1.634
-0.80371 0.49709 1.626
-0.76894 0.49465 1.618
-0.73127 0.49006 1.603
-0.69768 0.48792 1.596
-0.65516 0.47905 1.567
-0.63089 0.48333 1.581
-0.59014 0.47477 1.553
-0.56056 0.47477 1.553
-0.52619 0.47049 1.539
-0.49462 0.46835 1.532
-0.46544 0.46835 1.532
-0.43255 0.46438 1.519
-0.40362 0.46438 1.519
-0.37296 0.46224 1.512
-0.89478 0.50972 1.657
-0.85488 0.5048 1.641
-0.80857 0.49557 1.611
-0.77788 0.49557 1.611
-0.74024 0.49096 1.596
-0.70984 0.49096 1.596
-0.66709 0.48204 1.567
-0.63725 0.48204 1.567
-0.60469 0.47989 1.56
-0.57239 0.47773 1.553
-0.53792 0.47343 1.539
-0.50199 0.46727 1.519
-0.47711 0.47127 1.532
-0.44588 0.46912 1.525
-0.38295 0.46327 1.506
-0.9074 0.51288 1.657
-0.86369 0.50576 1.634
-0.82084 0.49864 1.611
-0.79016 0.49864 1.611
-0.7524 0.494 1.596
-0.71205 0.48719 1.574
-0.68207 0.48719 1.574
-0.64049 0.47852 1.546
-0.6138 0.48069 1.553
-0.57369 0.47202 1.525
-0.54714 0.47419 1.532
-0.51357 0.47017 1.519
-0.48463 0.47017 1.519
-0.4536 0.468 1.512
-0.88418 0.51355 1.649
-0.83312 0.50171 1.611
-0.79845 0.49922 1.603
-0.76121 0.49486 1.589
-0.72082 0.48801 1.567
-0.69097 0.48801 1.567
-0.64931 0.47929 1.539
-0.61718 0.47711 1.532
-0.588 0.47711 1.532
-0.55626 0.47493 1.525
-0.52272 0.47088 1.512
-0.46512 0.47088 1.512
-0.88733 0.50948 1.626
-0.84846 0.50478 1.611
-0.80661 0.49789 1.589
-0.77243 0.49538 1.581
-0.73574 0.49099 1.567
-0.69959 0.48661 1.553
-0.67001 0.48661 1.553
-0.63177 0.48003 1.532
-0.59747 0.47595 1.519
-0.57079 0.47783 1.525
-0.53499 0.47188 1.506
-0.5063 0.47188 1.506
-0.90282 0.51258 1.626
-0.85201 0.50091 1.589
-0.8176 0.49839 1.581
-0.78749 0.49839 1.581
-0.75737 0.49839 1.581
-0.71116 0.48736 1.546
-0.67863 0.48515 1.539
-0.64931 0.48515 1.539
-0.61194 0.47885 1.519
-0.58301 0.47885 1.519
-0.54933 0.47475 1.506
-0.86714 0.50394 1.589
-0.83266 0.5014 1.581
-0.80255 0.5014 1.581
-0.76559 0.49696 1.567
-0.72588 0.4903 1.546
-0.69644 0.4903 1.546
-0.66095 0.48586 1.532
-0.62888 0.48364 1.525
-0.59472 0.47952 1.512
-0.87394 0.50218 1.574
-0.85201 0.50697 1.589
-0.81398 0.50218 1.574
-0.78052 0.49995 1.567
-0.74731 0.49771 1.56
-0.70794 0.49101 1.539
-0.67245 0.48655 1.525
-0.6434 0.48655 1.525
-0.6067 0.48049 1.506
-0.85895 0.50518 1.574
-0.82897 0.50518 1.574
-0.79544 0.50293 1.567
-0.76217 0.50069 1.56
-0.7226 0.49395 1.539
-0.68698 0.48945 1.525
-0.65232 0.48528 1.512
-0.62105 0.48335 1.506
-0.87006 0.50592 1.567
-0.84396 0.50818 1.574
-0.81036 0.50592 1.567
-0.77354 0.5014 1.553
-0.7339 0.49462 1.532
-0.7015 0.49236 1.525
-0.85513 0.5089 1.567
-0.81423 0.50208 1.546
-0.78478 0.50208 1.546
-0.75533 0.50208 1.546
-0.70992 0.49104 1.512
-0.68112 0.49104 1.512
-0.8584 0.50503 1.546
-0.82144 0.50045 1.532
-0.7995 0.50503 1.546
-0.76308 0.50045 1.532
-0.72767 0.49621 1.519
-0.83603 0.50337 1.532
-0.80685 0.50337 1.532
-0.77412 0.50107 1.525
-0.74214 0.4991 1.519
-0.85451 0.5086 1.539
-0.81447 0.50199 1.519
-0.78864 0.50398 1.525
-0.75312 0.49968 1.512
-0.82894 0.50489 1.519
-0.79632 0.50256 1.512
-0.84051 0.50778 1.519
-0.81158 0.50778 1.519
-0.81611 0.5063 1.506
-0.82758 0.50917 1.506