polygon
0.689 0.068
 0.789 0.37 
 0.936 0.183
 0.995 0.426
 0.985 0.754
 0.922 0.516
 0.558 0.889
 0.454 0.346
 0.24  0.735
polygon
0.973 0.258
 0.069 0.912
 0.131 0.651
 0.856 0.095
 0.651 0.428
 0.439 0.822
 0.592 0.318
 0.985 0.1  
polygon
0.408 0.759
 0.449 0.563
 0.217 0.435
 0.177 0.763
polygon
6.930e-01 2.974e-01
 1.277e-01 4.666e-01
 1.000e-01 1.168e-01
 2.680e-04 9.939e-01
 5.118e-01 1.700e-02
 7.964e-01 4.907e-01
 8.808e-01 8.026e-01
polygon
0.844 0.31 
 0.846 0.435
 0.69  0.449
 0.232 0.984
 0.39  0.352
 0.863 0.768
 0.706 0.168
 0.62  0.414
 0.385 0.354